10000
0 
2 745 1572 
2 139 2560 
1 5057 
0 
1 2794 
2 1683 4263 
0 
1 4410 
0 
0 
1 3116 
1 4942 
1 8932 
3 2121 5403 5416 
2 276 3745 
1 9704 
1 2390 
2 365 5481 
1 9395 
1 5244 
1 605 
1 4889 
2 1831 9937 
0 
1 3038 
0 
2 1165 5603 
3 132 4226 8452 
0 
0 
0 
1 5103 
1 972 
0 
1 6467 
0 
1 4462 
1 9566 
0 
0 
0 
1 2066 
3 4179 8749 9905 
0 
2 1713 9854 
3 2465 3724 3817 
1 663 
1 8223 
0 
1 6887 
2 4182 6257 
2 709 2994 
1 7743 
4 3419 5829 6524 9745 
0 
3 6754 7818 9111 
1 9792 
1 9762 
2 5568 7110 
0 
0 
0 
0 
0 
1 6125 
2 981 9099 
1 2983 
1 436 
2 3719 8996 
2 2468 6655 
0 
0 
1 4599 
0 
0 
1 7373 
1 394 
0 
2 3524 9115 
1 4994 
0 
0 
0 
0 
1 8121 
1 6678 
0 
0 
0 
1 7978 
2 2038 5094 
2 999 4442 
1 5320 
0 
1 2668 
4 1388 4263 7555 8550 
0 
2 6593 8494 
2 6246 8584 
1 9701 
3 1189 4752 9022 
1 8915 
1 6042 
0 
0 
0 
1 5004 
3 5225 5965 9505 
3 1206 3587 5710 
1 5951 
0 
0 
1 7872 
1 4473 
0 
2 3890 7454 
0 
0 
1 4542 
1 4834 
1 955 
0 
1 5365 
2 802 1548 
1 4673 
0 
0 
1 5065 
0 
1 4362 
2 29 5226 
1 7642 
1 6021 
1 2906 
3 648 5251 6650 
3 2377 3291 4929 
2 5539 9876 
3 3 1088 2063 
2 1005 1477 
1 9469 
0 
1 8824 
0 
1 2611 
3 4355 4938 6581 
1 8509 
1 6979 
0 
0 
0 
1 8126 
1 3439 
1 7556 
1 910 
0 
0 
2 4237 4299 
0 
1 6641 
3 2566 6850 8300 
1 2656 
0 
1 270 
1 4492 
1 1734 
2 6475 9083 
0 
1 3538 
0 
1 1844 
0 
1 4240 
2 2062 7623 
3 1629 3543 9787 
0 
0 
2 1217 5835 
0 
3 4656 7878 8998 
1 3058 
0 
0 
1 4075 
1 892 
1 8129 
0 
2 1023 5507 
0 
1 9804 
1 9817 
0 
0 
2 3789 5958 
1 1945 
0 
3 4823 5269 6239 
2 5276 6817 
2 7228 7245 
0 
0 
0 
2 2140 2643 
0 
0 
1 2873 
1 5817 
1 2121 
0 
1 3862 
2 703 4019 
1 7789 
2 8889 8992 
3 934 1015 9400 
0 
3 2970 4260 6661 
0 
0 
0 
1 3432 
1 8569 
1 8012 
1 8849 
0 
3 875 7476 7998 
0 
1 7618 
1 6317 
1 3349 
0 
1 1406 
0 
0 
1 9698 
0 
0 
2 3741 8947 
0 
1 1139 
0 
1 4168 
1 3135 
2 3567 4128 
1 597 
1 6532 
1 6245 
0 
0 
2 6198 6945 
1 8817 
1 1871 
1 7801 
1 3608 
2 2923 5351 
3 2571 3238 5069 
0 
0 
0 
0 
1 7547 
0 
1 3575 
0 
0 
2 8008 8069 
1 8274 
2 5165 9867 
2 1068 4877 
1 9464 
1 164 
3 6723 7329 9235 
0 
1 3558 
4 428 4176 6195 8621 
2 7988 9380 
3 16 2143 7957 
0 
1 6711 
1 2693 
2 2608 5233 
2 5217 6931 
1 9587 
1 4848 
2 1550 7935 
1 7014 
2 5189 8024 
2 2990 6206 
0 
1 353 
2 3021 6337 
2 2638 7459 
2 610 2182 
0 
1 9025 
2 7119 8496 
0 
2 7898 8617 
1 4991 
0 
2 1687 8580 
1 7306 
0 
2 6465 8696 
0 
0 
0 
2 5511 5943 
3 1549 5087 7406 
0 
0 
0 
1 9262 
0 
1 9434 
2 2218 9622 
1 5626 
1 8117 
2 4203 7813 
0 
2 4958 6831 
1 9091 
1 9800 
0 
3 3880 4602 6146 
1 2028 
1 541 
1 8779 
1 5503 
0 
1 2265 
2 1638 5328 
0 
3 4308 4429 4978 
0 
1 4184 
3 4217 5879 9340 
2 1793 5320 
0 
2 2624 7164 
0 
0 
1 553 
1 8877 
1 466 
1 1393 
1 2733 
2 5792 6844 
0 
0 
2 6813 6939 
2 2720 8160 
0 
1 289 
1 1731 
0 
0 
0 
1 7389 
0 
3 2970 5065 7667 
1 5104 
1 8622 
0 
3 7466 8355 8462 
1 19 
1 9062 
1 5334 
2 5252 6774 
0 
1 2125 
1 2979 
0 
1 8763 
0 
2 5666 6921 
2 7127 7164 
1 3286 
2 2857 6315 
0 
1 7150 
1 1853 
0 
2 5067 7595 
1 8584 
1 6949 
2 795 4553 
1 6657 
0 
2 1935 9665 
2 2033 7429 
0 
2 3050 5354 
0 
2 78 3056 
3 723 2389 8060 
3 7942 8313 8459 
0 
0 
2 7797 8135 
0 
0 
4 1522 2247 6782 8531 
1 7806 
0 
0 
1 4036 
1 4800 
0 
1 4094 
1 1557 
4 3163 5759 6303 8087 
3 3669 4416 6792 
1 2039 
1 1515 
0 
1 1321 
1 1901 
2 651 7285 
2 9256 9295 
1 8412 
0 
1 1223 
0 
1 6188 
1 8533 
1 4633 
1 1658 
2 274 2753 
2 2408 7416 
0 
1 5417 
0 
1 6022 
2 1556 8478 
1 6822 
2 69 9217 
2 3447 5870 
2 5956 6759 
0 
0 
1 6872 
0 
1 7740 
0 
2 6033 9032 
0 
1 5031 
1 1670 
1 3542 
1 9958 
2 3449 7753 
0 
0 
2 3392 6785 
1 8357 
0 
1 1697 
0 
0 
0 
1 5993 
0 
0 
1 4895 
3 1731 2741 3677 
1 344 
0 
1 1330 
1 5576 
2 4999 9425 
1 8577 
1 8007 
2 4407 4900 
0 
1 8326 
1 1421 
1 9206 
0 
1 5109 
0 
0 
1 9977 
1 5686 
3 2816 5548 8353 
1 4495 
0 
2 3933 9444 
0 
0 
0 
2 4214 9302 
0 
1 6617 
0 
2 2635 6232 
1 962 
0 
1 9310 
0 
0 
3 823 5211 5464 
2 2958 5464 
2 5099 9842 
1 8438 
2 7079 9488 
1 6794 
1 9033 
1 6434 
2 4570 7975 
0 
1 3583 
0 
0 
0 
1 1107 
1 8706 
0 
1 2360 
4 2594 3956 6645 7091 
3 3299 3808 8644 
0 
1 6146 
1 8066 
1 4844 
0 
1 5317 
1 4564 
1 852 
0 
1 2377 
1 9826 
0 
0 
2 6472 9797 
0 
0 
1 3401 
1 1566 
0 
1 2934 
1 326 
2 4545 5138 
1 3598 
3 1036 6009 6279 
1 4701 
0 
3 2374 5409 9273 
2 5272 9356 
1 5634 
2 5437 7594 
0 
2 1883 6093 
2 342 3626 
1 5958 
0 
0 
0 
0 
0 
2 2331 8057 
2 1541 2570 
1 4617 
1 2901 
1 6210 
1 2444 
1 1540 
2 3778 8955 
2 2733 8328 
0 
1 3217 
1 6286 
0 
1 5941 
0 
0 
2 5358 9655 
2 2955 8470 
1 3778 
0 
0 
0 
0 
0 
0 
1 4840 
1 4416 
2 2453 5141 
1 1923 
2 4956 9507 
0 
1 8000 
0 
0 
0 
0 
0 
2 244 5076 
1 8029 
1 4229 
3 1818 8354 9172 
0 
0 
1 7727 
0 
1 22 
1 9727 
1 3031 
1 7088 
1 5001 
2 292 945 
1 6503 
0 
1 6031 
0 
0 
3 2052 4515 7336 
0 
0 
0 
0 
0 
0 
4 3016 3262 7535 7889 
1 1695 
3 1171 6172 6853 
1 8635 
2 7371 7645 
1 2787 
1 7817 
1 2390 
1 2408 
0 
1 7509 
2 759 6843 
1 932 
4 3523 3669 4516 5904 
2 8735 9555 
1 8384 
2 1301 9594 
1 7060 
1 9976 
0 
0 
0 
2 5094 5627 
1 5061 
1 4949 
1 136 
0 
2 694 8585 
3 418 6279 7418 
0 
0 
1 4403 
1 5489 
1 6011 
0 
1 6005 
1 3947 
3 691 1042 4340 
0 
0 
1 48 
0 
2 1217 3536 
0 
0 
2 1525 1777 
2 4174 4850 
0 
1 5228 
2 1548 4213 
1 5288 
1 6964 
2 2450 5779 
0 
0 
1 6370 
1 3049 
1 725 
0 
1 4803 
0 
1 9822 
1 2962 
0 
4 1163 1754 7168 7509 
1 9431 
1 7968 
2 1167 3571 
3 660 2507 8480 
1 6989 
2 6861 7705 
3 650 1951 9064 
0 
0 
1 9402 
1 3351 
2 3918 7138 
1 7130 
0 
0 
1 211 
0 
1 5097 
1 1637 
0 
1 5887 
4 53 3127 3573 8950 
1 7388 
0 
3 2226 4587 4724 
1 2954 
1 5478 
0 
0 
1 4093 
3 2800 3345 7326 
1 6110 
2 4161 4332 
2 3737 6996 
0 
3 395 3820 8940 
1 3568 
1 680 
1 8936 
0 
2 6702 7644 
1 6957 
0 
3 1669 4606 5427 
1 7914 
1 2560 
2 971 8411 
2 3444 4615 
0 
0 
0 
1 9471 
1 3040 
1 3163 
2 3063 3753 
3 3476 5667 7009 
3 3602 3750 9308 
1 2 
3 2880 8119 8914 
2 6516 8514 
1 1053 
2 2969 8298 
0 
1 7289 
1 1164 
3 4948 5266 7655 
1 6643 
2 1325 4414 
0 
0 
2 3750 7444 
3 634 2974 8784 
3 5678 6035 9558 
3 1882 5197 8276 
1 3449 
2 7893 8971 
1 6784 
1 8423 
1 5009 
1 7161 
1 970 
4 904 2231 2254 2518 
1 7421 
0 
2 6180 9384 
1 4345 
1 4200 
0 
1 6833 
2 3053 8606 
0 
1 8418 
1 2116 
4 4991 5115 7872 9091 
1 6496 
0 
1 3572 
0 
0 
0 
1 6170 
2 1874 9191 
2 2414 5709 
0 
1 2388 
2 4730 7453 
0 
1 386 
0 
2 1448 2760 
0 
3 2771 9071 9714 
0 
1 5556 
1 125 
0 
1 5469 
1 1088 
2 1105 7529 
0 
1 8477 
1 1203 
1 2414 
0 
2 4002 4453 
0 
0 
2 5385 7926 
1 5538 
2 2505 8807 
1 3907 
0 
3 6056 6545 8637 
1 4112 
1 7536 
1 501 
0 
0 
1 8204 
0 
2 6793 8974 
0 
1 4371 
0 
0 
1 2728 
1 3110 
1 3241 
1 2680 
2 4850 7124 
1 9027 
0 
0 
1 7335 
1 936 
0 
0 
0 
1 8676 
0 
0 
0 
0 
1 6038 
3 528 1010 5902 
1 3289 
0 
0 
2 1535 8966 
0 
1 5390 
1 7097 
0 
1 4017 
0 
1 4438 
2 5680 8025 
0 
2 3348 4084 
2 3551 3704 
0 
0 
1 5909 
0 
2 2137 8347 
1 6186 
0 
1 225 
0 
0 
2 4316 4897 
1 1165 
1 4126 
1 7714 
1 9975 
2 4049 6592 
0 
0 
2 5660 7504 
1 7786 
0 
3 2451 6275 9195 
2 1137 6999 
0 
2 185 1419 
0 
0 
2 3134 6476 
0 
0 
1 9642 
1 5642 
1 3831 
1 2043 
2 4426 5051 
2 2634 4979 
2 769 3374 
0 
2 3978 4524 
1 1583 
0 
1 4455 
1 155 
0 
2 2861 7062 
1 5053 
1 1276 
1 3452 
0 
1 1382 
0 
0 
1 5394 
1 6149 
0 
1 4893 
2 6349 7574 
1 8529 
0 
1 8789 
2 4407 7347 
0 
1 8697 
1 6875 
2 635 5786 
1 6830 
1 214 
2 2570 8533 
1 842 
2 2218 4752 
1 3754 
0 
1 7209 
1 7283 
1 6840 
2 1513 3255 
2 1560 2920 
2 610 3933 
1 3925 
0 
1 7808 
1 5003 
2 1205 6618 
0 
0 
0 
2 8736 8939 
2 122 8953 
3 3874 4757 9253 
1 1048 
1 8973 
1 3900 
2 4643 6280 
1 1829 
1 496 
1 2390 
1 9060 
2 3552 5266 
1 2093 
2 5573 8178 
1 8662 
0 
2 768 7759 
3 734 1604 1926 
1 34 
0 
1 7946 
1 7994 
1 2454 
2 7485 9487 
2 1191 3603 
1 6176 
2 6130 7087 
2 67 9519 
0 
0 
0 
1 9760 
3 6395 8314 8781 
0 
2 3556 8852 
1 4657 
1 8361 
3 1109 6215 9819 
2 1056 5101 
0 
1 7360 
3 1203 1351 5748 
2 1094 5856 
0 
0 
1 93 
1 7469 
1 7861 
1 4058 
1 6552 
2 2613 7111 
2 140 2603 
2 1188 7891 
1 7558 
0 
0 
2 852 1723 
0 
1 9282 
1 7677 
0 
2 214 6159 
1 5469 
2 1456 7079 
0 
1 5791 
0 
1 1626 
0 
1 188 
0 
1 9404 
0 
1 8670 
0 
2 2937 4036 
0 
1 2162 
0 
1 1268 
0 
2 1505 2749 
2 544 3301 
2 2322 5349 
0 
0 
0 
1 5521 
1 660 
0 
3 4067 4676 9711 
0 
2 1186 2137 
1 2836 
2 957 7814 
1 6147 
0 
0 
1 2311 
1 748 
0 
1 3767 
5 992 1638 3563 4718 8641 
2 2653 6881 
1 4193 
0 
0 
0 
0 
3 7264 8727 9322 
0 
2 5284 6128 
1 6940 
0 
3 268 5081 8876 
0 
1 4990 
0 
2 2691 4775 
0 
0 
1 2868 
2 4272 9430 
0 
1 8624 
0 
1 5329 
1 6537 
1 4180 
0 
0 
2 1418 2474 
2 1871 5311 
1 7356 
3 139 805 8657 
2 3341 9612 
1 4006 
0 
1 8168 
1 8424 
3 996 2924 4786 
1 9792 
0 
1 5948 
0 
0 
0 
1 1323 
0 
0 
2 1362 6434 
1 806 
0 
3 515 2799 3451 
2 7340 9826 
1 991 
1 1574 
0 
1 5562 
2 3336 6347 
1 2563 
1 6567 
0 
1 2729 
1 1952 
1 5079 
0 
0 
0 
2 1608 6164 
2 1543 4730 
2 4033 7872 
2 6012 9202 
1 6496 
1 9683 
0 
0 
0 
0 
1 5050 
0 
2 7563 9247 
3 1718 6232 6881 
3 890 6958 7571 
2 6651 7063 
2 239 4853 
0 
1 6079 
1 1986 
0 
0 
1 5966 
0 
0 
2 3590 4564 
1 8209 
1 6562 
0 
1 4303 
0 
1 4521 
1 3726 
4 1406 7069 9033 9299 
2 2727 7523 
1 6313 
1 6887 
2 2459 3897 
0 
1 9687 
2 687 6797 
1 752 
2 28 879 
1 7151 
1 690 
1 2753 
0 
1 7621 
3 625 3821 7504 
4 2023 2767 6395 8240 
1 8781 
1 9973 
2 5509 7905 
1 6022 
1 6002 
1 6053 
0 
1 4828 
3 3666 4333 8692 
1 1763 
2 6180 6383 
0 
1 3648 
1 1046 
0 
2 1006 8071 
1 102 
1 5501 
1 978 
1 9198 
1 4666 
1 6340 
0 
1 4040 
0 
1 8994 
1 8805 
0 
2 1802 5504 
1 4518 
4 809 995 3069 4385 
0 
1 950 
3 110 1958 8451 
0 
2 4811 9220 
0 
1 8002 
0 
1 3935 
0 
2 2322 3872 
0 
0 
2 178 665 
2 6900 8893 
1 8231 
2 2582 8658 
2 3472 4786 
1 6053 
2 422 3580 
0 
1 7047 
2 1528 1860 
0 
1 9021 
1 7306 
1 3543 
1 8485 
0 
2 5033 5584 
1 6777 
2 5448 6494 
0 
2 3088 9433 
1 2707 
2 1478 2422 
0 
0 
0 
1 5358 
2 7867 8980 
0 
2 2385 6075 
0 
1 5594 
1 9346 
1 8074 
2 3977 9292 
2 5762 7210 
0 
1 5735 
0 
2 1924 4200 
1 9245 
0 
2 3176 3685 
1 1514 
0 
1 4665 
2 5692 7124 
0 
0 
0 
2 1390 4601 
3 1033 1646 8138 
0 
0 
2 6091 9545 
1 4784 
2 2699 5508 
4 2197 3611 4059 4106 
0 
2 914 9188 
0 
1 6508 
1 5585 
3 1964 7443 9498 
1 1914 
0 
1 2949 
3 2251 3033 9351 
0 
2 4412 4456 
0 
1 4908 
0 
2 5023 9971 
1 3994 
1 2005 
2 3901 6091 
1 2921 
0 
0 
3 1633 5582 8684 
0 
0 
0 
1 639 
1 5314 
0 
3 3460 3625 3996 
1 6344 
1 9825 
1 3173 
0 
1 5297 
0 
0 
0 
0 
0 
0 
1 4894 
0 
1 3493 
1 3462 
1 4865 
2 416 6661 
0 
2 1101 3990 
1 2535 
2 755 5649 
0 
1 8910 
1 6982 
0 
4 468 2955 6652 8717 
0 
1 9017 
0 
0 
1 8067 
1 5901 
0 
1 9136 
0 
2 2058 9904 
0 
1 8150 
0 
3 2313 3080 6685 
0 
1 9503 
1 2137 
1 6376 
1 9558 
1 7342 
1 995 
1 9598 
0 
0 
0 
2 1790 4961 
0 
1 8463 
1 9051 
1 4371 
0 
2 1104 1899 
0 
0 
1 6097 
0 
0 
4 4890 5977 6379 9737 
0 
1 8851 
2 4992 8609 
1 5898 
1 8183 
0 
0 
3 7188 9062 9162 
1 7940 
0 
0 
3 4431 6317 6399 
1 2712 
2 917 5318 
2 4033 8009 
1 4986 
3 2127 4251 5292 
2 7415 8178 
4 7006 9091 9393 9843 
2 97 6966 
2 5198 7150 
4 1267 2033 2400 7502 
3 5157 7606 7949 
0 
3 345 2496 7981 
1 5383 
2 4533 8215 
1 7759 
0 
1 3106 
0 
0 
0 
0 
0 
0 
2 1692 7233 
2 231 1156 
1 1602 
2 2253 9064 
1 9205 
1 1840 
1 2547 
2 4632 6109 
1 7362 
0 
1 8351 
0 
1 7547 
3 1085 8200 9820 
1 892 
3 3344 5068 7295 
1 476 
1 4690 
2 8974 9890 
3 5555 6570 7367 
1 4732 
1 1754 
1 5495 
2 5284 8791 
1 6087 
2 6017 7031 
1 9171 
0 
1 5743 
1 4808 
0 
2 6218 9284 
1 7147 
1 8711 
1 8506 
2 3916 6297 
2 2103 8869 
0 
1 5872 
0 
1 2995 
2 2297 5304 
0 
1 797 
3 1479 3823 6173 
1 4734 
3 1528 4551 8240 
0 
1 5342 
1 7469 
1 9252 
2 1017 7002 
0 
1 6560 
0 
0 
0 
2 1611 8341 
0 
0 
1 5575 
0 
1 6480 
0 
1 4599 
1 2529 
2 6629 7799 
1 3867 
2 5926 8917 
2 6980 7156 
1 3346 
2 1562 5254 
3 140 4863 5359 
2 1239 9681 
2 1449 5885 
2 5466 7721 
2 1491 4781 
1 5224 
0 
1 6867 
1 8238 
3 7028 7096 9277 
1 1887 
1 3994 
1 7817 
1 9606 
1 1481 
0 
3 2425 4662 4670 
0 
1 9729 
0 
1 5706 
1 7723 
1 9777 
1 8080 
0 
1 7953 
1 6918 
2 7381 8349 
1 1035 
2 1847 9681 
0 
1 7353 
1 4839 
2 5139 6667 
1 4004 
1 2066 
1 943 
2 1260 6520 
1 414 
2 8018 8893 
2 5319 5508 
0 
1 1779 
1 2336 
1 8849 
1 402 
1 6606 
1 7233 
2 668 7389 
1 8686 
1 9912 
3 1226 1451 2639 
0 
1 8917 
2 4472 8579 
0 
2 4865 5088 
0 
2 856 9815 
0 
1 5090 
0 
1 2101 
3 566 3531 9201 
1 561 
0 
2 1124 1550 
0 
1 4451 
0 
1 7788 
3 125 672 4013 
2 308 7368 
2 284 1543 
0 
1 7280 
2 4841 7920 
0 
1 6815 
4 434 4212 7873 9999 
1 410 
0 
1 8837 
2 944 4385 
1 8629 
3 1476 1579 1967 
0 
0 
1 3112 
2 538 2429 
2 3995 6413 
1 3321 
3 2620 5002 5371 
0 
2 3946 5139 
2 2 1971 
1 3001 
3 1110 5244 8144 
0 
2 1802 4711 
0 
0 
2 1562 2348 
1 7366 
0 
1 9326 
1 907 
3 5701 8571 9456 
1 7163 
0 
2 7883 8567 
0 
0 
1 2267 
0 
0 
1 6365 
1 8716 
1 4221 
1 4319 
1 8886 
0 
2 2222 7935 
0 
0 
1 1407 
0 
1 971 
0 
0 
2 6824 6929 
2 1123 7873 
1 4735 
1 5041 
3 1462 1677 2331 
1 3023 
0 
1 8278 
2 2175 6166 
0 
1 7120 
0 
2 4812 9052 
0 
3 2229 7661 7921 
1 7269 
0 
0 
1 1639 
1 1021 
0 
1 4693 
1 175 
1 6283 
1 9854 
0 
2 1297 8684 
0 
0 
2 9919 9984 
1 706 
4 331 1056 3180 9912 
2 1625 9760 
1 5469 
2 4977 5976 
0 
0 
0 
0 
1 1268 
2 2866 8006 
2 1724 1986 
1 2641 
1 6351 
0 
1 5142 
0 
1 4791 
1 8521 
1 3933 
0 
3 427 9801 9813 
1 5603 
1 5077 
1 4291 
2 4756 5239 
1 8974 
2 4498 7992 
0 
1 4775 
1 7840 
0 
4 731 2104 3466 5395 
1 448 
1 1969 
0 
0 
0 
2 9524 9737 
0 
2 1611 8274 
0 
2 2259 6152 
0 
0 
0 
1 7 
0 
2 6324 9858 
2 2029 5178 
1 300 
0 
0 
5 2451 2941 7297 7560 7967 
2 4715 5276 
1 1405 
0 
1 7639 
2 624 5166 
0 
1 457 
2 2338 4394 
0 
0 
1 2797 
2 5577 6604 
1 8086 
2 2368 4978 
0 
0 
2 6943 9469 
0 
0 
2 3747 3868 
1 4318 
2 2297 6274 
1 46 
1 9667 
1 5570 
1 7345 
0 
1 1136 
0 
1 4469 
1 4555 
0 
2 1010 3338 
1 1648 
1 2686 
1 7683 
1 3571 
2 4925 6678 
0 
1 7039 
2 354 465 
0 
0 
1 166 
2 2293 8977 
2 8035 9374 
0 
0 
1 1745 
2 3737 9735 
1 9325 
0 
1 8510 
0 
1 1739 
2 2531 2704 
0 
1 6172 
1 4878 
1 5230 
2 3017 9591 
1 2121 
1 4375 
4 687 1426 4625 8887 
2 5924 9490 
0 
0 
2 2426 2628 
1 7754 
2 2276 5117 
1 6599 
1 3963 
1 1182 
1 6152 
0 
0 
1 8597 
0 
1 5841 
0 
2 5179 8695 
0 
0 
4 2244 2418 3994 9902 
2 2311 9211 
2 6299 8480 
1 668 
1 6232 
1 1519 
1 9811 
2 4708 7256 
2 6615 8617 
1 4350 
1 5391 
1 7082 
0 
1 4920 
4 2402 3827 7283 9037 
1 3540 
1 1356 
0 
2 6072 7007 
2 337 7513 
1 4136 
0 
0 
0 
1 5826 
0 
1 3904 
0 
3 1201 1576 7195 
0 
1 6451 
3 2141 9201 9351 
1 9183 
0 
0 
0 
3 6437 8230 9206 
1 7381 
1 2315 
0 
0 
1 3749 
0 
1 3266 
1 600 
1 7075 
1 3642 
2 4075 7069 
0 
1 2020 
0 
1 5327 
0 
1 7528 
2 6129 8904 
2 961 8539 
2 2446 4798 
1 24 
2 3842 4886 
0 
2 3077 5620 
1 2403 
3 5142 9891 9926 
1 5858 
1 7839 
0 
2 1410 3088 
0 
0 
0 
2 171 8485 
0 
1 5902 
3 1506 7002 9038 
2 1962 2576 
0 
0 
1 3603 
1 9867 
1 381 
1 4879 
0 
0 
1 2257 
0 
0 
1 1226 
0 
0 
2 2611 3728 
1 9832 
1 9221 
1 9828 
3 2625 4870 5775 
0 
1 5260 
2 2203 8121 
2 251 1086 
3 5898 5916 9556 
0 
1 789 
0 
1 9044 
1 8826 
0 
0 
0 
0 
4 761 7522 8521 8627 
1 552 
2 7548 8121 
2 5564 9736 
2 3658 7923 
2 1487 6599 
2 2119 8563 
2 6866 7667 
1 8985 
0 
0 
1 9681 
0 
1 6723 
0 
2 5313 5960 
0 
2 1362 8630 
3 4356 8740 9824 
2 417 2697 
1 6254 
0 
0 
1 9624 
1 3660 
0 
1 3948 
1 9432 
1 3395 
0 
3 3096 5804 6329 
1 9077 
1 1281 
0 
0 
0 
0 
0 
0 
1 3563 
3 2879 6869 9669 
2 588 2575 
3 1256 8514 8866 
0 
1 971 
2 9503 9727 
0 
1 7490 
1 8136 
1 8916 
0 
0 
2 2813 6487 
1 389 
1 2224 
0 
0 
0 
0 
2 5658 7052 
1 3045 
2 3719 8302 
0 
1 195 
0 
1 2363 
1 3131 
1 4215 
0 
1 694 
2 1118 9177 
0 
1 3065 
0 
1 7510 
1 3638 
3 1206 7978 8978 
1 8682 
0 
1 2360 
2 1848 8814 
0 
1 1280 
0 
0 
2 1562 7562 
0 
2 1671 6324 
0 
2 1572 2293 
1 7542 
3 3922 5401 5617 
1 2534 
2 7613 8569 
0 
1 8089 
2 4908 9499 
0 
0 
0 
0 
2 5005 8030 
3 5529 9273 9340 
0 
2 1142 1648 
0 
0 
1 9641 
3 2329 6312 6532 
0 
2 2961 4444 
2 4425 4426 
0 
1 3028 
2 3806 5884 
1 7365 
3 5190 6007 7786 
0 
1 6346 
0 
0 
2 2149 5721 
0 
1 1292 
0 
2 7944 8945 
0 
4 3591 3809 8912 9521 
0 
0 
0 
0 
1 2225 
0 
2 2964 5177 
2 5834 6764 
1 4309 
2 5572 6707 
1 1823 
1 8985 
0 
2 1172 2772 
0 
1 7678 
0 
1 8359 
2 325 4436 
1 1686 
1 8130 
0 
0 
3 390 1390 2321 
0 
0 
1 3013 
2 5422 6134 
2 92 6182 
2 413 2311 
1 5207 
1 4127 
1 3511 
2 901 2296 
0 
0 
1 5389 
0 
3 4055 5326 7963 
0 
0 
0 
2 616 8560 
1 3925 
0 
1 9930 
0 
0 
4 1340 3270 5374 5631 
0 
0 
1 6840 
1 174 
5 139 2910 4150 4201 5143 
1 5030 
1 4932 
2 43 1512 
4 3395 5368 6860 8804 
1 3947 
0 
1 3643 
1 2380 
0 
0 
1 7465 
1 3774 
1 7126 
0 
1 2106 
1 8802 
2 2445 8129 
1 2962 
0 
1 2541 
0 
0 
4 2967 5174 5541 8278 
1 7285 
0 
1 6000 
0 
0 
1 7178 
1 966 
2 2698 9231 
1 6872 
2 4403 6037 
3 6769 7711 8068 
1 4837 
0 
0 
2 1539 7544 
1 9348 
1 1441 
3 1669 3969 8798 
1 9778 
2 2078 5107 
1 6095 
2 9833 9876 
2 7643 7823 
1 3928 
0 
0 
3 4939 6314 7912 
1 8414 
0 
3 780 2974 6979 
0 
1 7394 
2 1888 4976 
3 7704 7894 8029 
5 15 208 1752 5715 7957 
0 
1 5189 
1 9510 
1 370 
0 
2 1385 9059 
2 2918 3552 
1 6136 
0 
0 
0 
1 9506 
1 3014 
0 
2 2169 7710 
4 872 1046 1347 4617 
1 9252 
0 
1 203 
3 1805 5575 7224 
0 
1 276 
0 
0 
1 8343 
0 
1 7345 
3 2003 6979 9609 
0 
0 
0 
1 7633 
1 7940 
1 4548 
0 
1 5711 
0 
1 6151 
0 
1 8421 
1 1031 
2 6473 9690 
0 
0 
2 5873 7489 
0 
1 6181 
2 2136 9578 
1 5752 
0 
1 4251 
0 
0 
2 1615 4166 
0 
0 
1 3033 
1 4327 
4 4647 7081 9573 9857 
2 2917 3862 
3 292 6428 6622 
0 
0 
0 
2 7747 8187 
0 
2 9205 9565 
2 3319 7063 
2 6111 9317 
0 
4 3045 4123 7912 8398 
0 
1 6750 
0 
0 
2 1274 7907 
3 7041 7102 7716 
0 
2 6010 6639 
0 
2 8167 8284 
3 1870 7451 9361 
0 
0 
0 
1 7738 
0 
2 6473 7473 
2 5406 9390 
0 
0 
1 9741 
2 2707 4947 
0 
0 
0 
3 315 937 8896 
1 3065 
0 
0 
2 1599 8712 
1 9512 
3 1936 3920 5955 
1 2014 
4 712 2493 5245 5712 
1 9759 
1 6662 
1 1621 
0 
2 769 4725 
0 
1 3539 
2 7131 7548 
1 5412 
1 3310 
1 3138 
1 5675 
0 
0 
0 
2 6072 7988 
0 
3 1774 4042 9936 
1 8683 
2 3152 8385 
2 402 4856 
0 
1 6263 
0 
1 1284 
2 5825 5885 
2 1408 3968 
3 769 4721 7241 
1 7068 
0 
2 1857 3983 
0 
2 1679 3419 
0 
2 4831 7286 
1 2360 
1 3472 
0 
1 330 
1 2393 
1 1590 
0 
0 
0 
1 3649 
1 7013 
2 6936 8573 
0 
1 2859 
3 1760 3624 6151 
0 
1 8032 
1 3554 
1 8345 
0 
1 8844 
1 6069 
0 
0 
2 2372 4455 
0 
1 2864 
0 
2 4304 7238 
0 
0 
2 1735 1971 
2 3245 6192 
1 7544 
1 2043 
2 1446 1712 
3 5135 5251 6574 
0 
2 5220 5634 
1 4800 
1 3930 
0 
0 
1 4082 
1 2835 
1 4933 
1 5732 
0 
1 7783 
3 1052 1775 2039 
0 
2 1344 6148 
2 3253 8887 
2 1812 5043 
0 
0 
2 2540 3168 
1 4229 
1 9667 
1 2033 
2 1037 1214 
3 2391 8257 9242 
1 3577 
1 5779 
2 5274 7573 
2 3813 7954 
0 
1 1990 
1 3574 
4 560 1611 3154 7899 
0 
2 5289 8378 
0 
1 7828 
1 1520 
1 8121 
1 1698 
0 
1 3793 
0 
0 
0 
3 5994 8088 8329 
0 
1 3006 
4 2348 5344 9315 9943 
2 1579 2347 
1 6276 
1 8765 
2 5688 9509 
2 2843 4376 
1 3923 
1 4560 
1 6200 
0 
0 
0 
0 
5 518 1961 2262 5293 5539 
1 9013 
1 5526 
3 1947 5471 7766 
0 
0 
1 8557 
0 
1 1704 
0 
0 
0 
1 2286 
1 9739 
2 547 9789 
0 
2 2797 5895 
5 137 530 3062 7487 9156 
2 2807 7397 
0 
2 2071 6722 
0 
0 
0 
0 
3 1246 6457 8535 
0 
0 
2 792 7003 
1 395 
4 18 630 963 6863 
1 2323 
0 
3 2266 7311 8315 
1 5056 
0 
2 6634 7944 
0 
0 
0 
1 1390 
2 4889 7636 
1 1788 
1 1835 
2 3733 5854 
1 7723 
0 
1 7073 
2 429 631 
1 5757 
0 
0 
2 4419 8825 
1 3498 
2 790 810 
0 
0 
1 8969 
1 1774 
0 
0 
2 5250 6581 
4 1239 5550 7048 7755 
1 2967 
1 9930 
2 1493 5812 
1 1758 
1 3219 
1 9438 
1 1566 
0 
2 4924 9110 
0 
0 
0 
0 
0 
0 
0 
1 4751 
3 3597 4534 9907 
0 
0 
1 8675 
2 565 5728 
1 2080 
2 1830 6459 
1 7504 
0 
0 
3 675 5363 8233 
2 889 1690 
0 
2 587 9025 
1 976 
0 
3 2913 6168 9069 
1 9478 
1 8471 
3 1160 3230 3953 
2 3014 4740 
1 5375 
2 7655 8630 
2 6653 7131 
2 6321 8043 
1 47 
0 
1 6052 
3 71 4364 4939 
0 
1 4569 
0 
0 
0 
2 1085 4669 
1 4357 
0 
1 5631 
1 4320 
0 
1 8168 
0 
1 5797 
1 6633 
0 
0 
4 2975 3875 4730 6006 
0 
0 
1 8725 
2 5578 8216 
2 3499 9109 
0 
2 2226 7118 
0 
1 7832 
2 1393 3131 
0 
0 
1 7429 
1 4563 
2 4716 6086 
2 4690 5328 
0 
0 
1 817 
0 
3 691 2815 6745 
2 2781 8125 
1 5141 
2 5048 5231 
1 9587 
2 5337 6330 
2 6158 7046 
0 
1 5408 
0 
0 
2 769 6976 
0 
1 8877 
0 
1 3374 
1 6572 
1 9020 
1 8074 
0 
2 4586 5708 
0 
2 1470 9028 
2 4973 7354 
1 1746 
0 
1 5034 
1 1974 
2 1324 8534 
0 
0 
0 
1 6787 
3 2318 8295 9175 
2 2083 4941 
1 7881 
0 
0 
2 4248 9105 
0 
3 1411 6661 7713 
1 8697 
1 7137 
0 
0 
1 6164 
3 2700 3668 9803 
1 4136 
0 
1 9582 
0 
3 7386 9171 9841 
0 
3 3 733 5840 
1 7020 
0 
1 1114 
0 
1 8476 
3 161 4638 9252 
1 5678 
2 5759 6825 
0 
2 561 935 
1 255 
2 3671 9276 
0 
2 3275 7598 
3 1923 4575 9942 
2 1848 5089 
1 8900 
1 6894 
1 8458 
1 4914 
1 2753 
1 1220 
0 
0 
0 
0 
0 
0 
0 
1 7902 
0 
1 2622 
1 6197 
1 519 
1 2906 
1 4290 
0 
0 
0 
2 5940 9561 
1 6436 
2 3014 4767 
1 1005 
2 7075 7992 
2 6775 8012 
2 6331 7454 
0 
1 280 
2 4748 8175 
2 3192 9419 
2 145 1863 
0 
3 1004 4856 5273 
0 
2 6273 9787 
1 4993 
0 
1 4109 
0 
2 1569 7032 
2 4403 7558 
3 2592 3283 6585 
0 
3 339 4298 8058 
3 1867 4315 4530 
2 4585 5515 
0 
1 1758 
3 4171 8162 8542 
1 9846 
1 3397 
1 4069 
1 5006 
1 903 
4 495 3272 5651 6685 
0 
0 
2 291 6619 
2 1528 8868 
1 9143 
2 1649 5481 
0 
2 203 6263 
1 5028 
0 
0 
1 6477 
0 
2 4666 9095 
3 3356 3412 7712 
1 6799 
0 
3 1057 3125 3800 
1 3529 
0 
1 162 
0 
0 
1 8241 
0 
1 4251 
1 5863 
0 
0 
1 4453 
1 3944 
0 
2 96 8387 
2 4379 9680 
1 3957 
2 3549 9164 
1 7097 
0 
0 
1 3572 
0 
0 
0 
2 5671 7231 
1 836 
0 
4 5639 7265 7352 9339 
1 4324 
0 
3 4697 6277 7195 
1 1725 
1 5740 
1 7158 
2 4836 5471 
0 
1 1072 
0 
1 279 
2 3608 8739 
0 
2 6916 8580 
1 1901 
1 2094 
2 1273 7835 
2 2553 9751 
1 7353 
3 5418 7019 7865 
1 5419 
1 1746 
2 2956 7509 
1 7857 
3 1238 2214 4998 
1 4461 
1 7403 
1 5922 
1 4244 
2 1381 6272 
2 4789 7699 
2 5213 9449 
0 
1 4691 
0 
0 
1 7540 
2 351 9698 
2 5254 9815 
0 
1 6760 
0 
1 5961 
1 7642 
1 1157 
1 833 
2 1117 5320 
2 8877 9134 
0 
0 
4 346 568 4991 5232 
2 3181 5798 
1 7258 
2 7318 9123 
1 3594 
0 
0 
0 
1 465 
0 
1 8842 
2 8576 9371 
0 
0 
0 
1 4873 
2 1035 5813 
2 4916 9470 
1 5978 
0 
4 428 1168 2581 3871 
2 3272 8491 
4 3167 4538 8166 9533 
0 
1 4421 
0 
0 
3 797 3316 9937 
1 9352 
0 
1 3466 
2 4268 7703 
0 
0 
2 1172 5052 
1 8202 
0 
1 8196 
1 799 
1 2023 
1 5362 
2 3863 5722 
0 
0 
1 6682 
0 
0 
2 3030 8431 
2 2508 5856 
0 
1 5103 
2 7968 9707 
2 3620 4795 
0 
1 628 
1 7487 
0 
2 6189 8009 
1 9285 
3 3518 3588 9554 
0 
2 6 6856 
1 5435 
2 4975 7042 
2 1701 2376 
0 
2 1107 3032 
2 718 7336 
0 
2 7045 8773 
1 8145 
3 3466 7586 8527 
1 5785 
1 9819 
2 2378 8614 
1 9931 
0 
1 7046 
0 
1 7487 
2 1934 6614 
0 
2 2507 5983 
2 484 7030 
1 3401 
0 
1 8375 
0 
0 
1 5022 
1 7883 
1 5242 
2 3402 7928 
1 6842 
2 6547 9537 
2 4850 6508 
2 4373 8236 
1 6909 
1 9672 
2 6345 9049 
0 
2 4343 7007 
2 2306 4557 
1 1047 
1 3586 
2 7249 7837 
0 
2 4280 5141 
0 
2 7371 9825 
3 2352 6158 6824 
1 2907 
1 4244 
0 
1 4477 
1 8026 
0 
2 3450 4063 
1 8231 
0 
1 9443 
2 3932 9396 
0 
0 
1 378 
0 
1 2275 
0 
1 912 
2 6874 9108 
0 
1 2288 
0 
5 1647 7641 8732 9120 9518 
1 3698 
3 1075 4919 7722 
0 
0 
1 4610 
0 
1 206 
2 7092 7927 
0 
0 
0 
1 9062 
2 1922 9088 
3 746 6413 6496 
3 3564 7103 8886 
0 
2 7821 8244 
0 
0 
0 
1 9752 
0 
0 
1 9566 
3 4499 5747 8447 
1 7149 
1 7895 
0 
1 6455 
0 
1 8452 
0 
1 7692 
0 
1 563 
1 9169 
1 5819 
1 8767 
2 8585 9513 
3 135 2595 5436 
2 2844 4170 
0 
0 
2 2063 5251 
1 6910 
0 
1 2456 
0 
0 
1 5527 
2 2181 4363 
1 2128 
1 3315 
2 944 6863 
2 1294 9834 
0 
2 254 4321 
1 1094 
0 
0 
1 5307 
0 
1 4261 
0 
0 
1 5309 
0 
1 540 
0 
0 
1 1029 
2 3002 7244 
1 4572 
0 
1 1690 
0 
0 
2 4778 8240 
0 
0 
1 8742 
0 
1 1283 
0 
1 4752 
0 
0 
5 713 4043 4671 5028 9336 
2 577 1330 
2 2705 3435 
0 
1 502 
0 
0 
1 1992 
2 685 2081 
1 7457 
1 2016 
0 
2 7597 7973 
2 2086 2423 
2 9462 9596 
2 749 6623 
2 216 360 
2 9449 9932 
1 8958 
0 
3 759 2116 3481 
1 2486 
1 9783 
0 
1 3398 
1 371 
4 4489 6297 6626 7053 
1 7843 
1 4139 
1 68 
0 
2 5933 8674 
0 
0 
0 
0 
3 287 6852 9949 
0 
0 
1 5551 
2 53 7249 
1 1445 
0 
2 3574 6798 
0 
1 3542 
1 6409 
2 1573 8148 
3 2938 4411 9731 
2 3696 4194 
0 
0 
3 2346 5878 9647 
0 
0 
0 
0 
0 
0 
1 2036 
4 2134 2460 2602 3411 
1 9651 
2 623 7022 
1 1751 
1 9425 
1 7080 
1 6991 
1 290 
2 4713 4962 
1 1612 
2 4681 6563 
0 
1 8928 
1 9275 
2 1995 4546 
0 
1 2780 
1 607 
2 2799 8069 
2 1284 2178 
0 
1 8223 
0 
1 5330 
1 26 
0 
1 740 
0 
2 5174 7449 
1 5127 
0 
2 1942 2192 
0 
1 3790 
0 
2 679 7369 
2 392 3078 
1 3593 
0 
1 777 
1 4349 
1 8980 
1 394 
0 
3 181 8062 8769 
0 
0 
0 
2 2377 7533 
3 742 8925 8960 
0 
2 1954 2219 
1 4285 
1 4620 
1 5147 
1 1203 
0 
0 
0 
0 
0 
1 6734 
0 
1 1834 
1 3050 
1 3574 
3 1344 8259 8659 
1 3603 
0 
0 
0 
0 
1 9689 
0 
3 1237 1840 9659 
0 
2 7648 9909 
0 
0 
1 6901 
2 4451 6148 
1 7841 
1 1912 
0 
1 8814 
0 
0 
0 
1 8506 
2 3442 7061 
0 
2 5093 8668 
1 1398 
1 6242 
0 
0 
2 834 7635 
0 
1 1565 
2 7469 8995 
0 
1 5861 
1 12 
0 
0 
2 3768 6312 
1 8700 
0 
0 
1 7033 
0 
1 2653 
1 8351 
1 709 
1 7483 
1 7138 
1 9080 
2 1948 2496 
0 
0 
2 895 8868 
1 242 
3 7388 8405 9669 
0 
1 2237 
1 7641 
0 
2 4021 6710 
1 9187 
3 3309 6566 8286 
0 
0 
1 9326 
1 9953 
1 7295 
0 
2 5093 6864 
0 
5 2246 3899 5229 9858 9859 
0 
3 2331 7885 9179 
0 
0 
0 
2 6350 9852 
0 
3 4539 5655 5874 
1 6101 
0 
2 411 741 
1 7234 
0 
0 
1 2755 
1 2318 
0 
0 
3 5211 6654 7882 
0 
2 1307 9991 
0 
0 
1 1259 
0 
1 8876 
3 6952 7142 7425 
3 1638 6670 9706 
2 2734 4619 
0 
2 6341 9063 
0 
1 8397 
1 5318 
0 
0 
1 9327 
0 
1 6786 
2 2610 5769 
1 4086 
0 
3 6679 9537 9560 
0 
4 5072 5969 7171 9999 
0 
0 
0 
0 
0 
1 7446 
1 7382 
1 7098 
0 
2 3395 4210 
0 
0 
0 
1 4759 
1 3644 
3 4728 6538 8765 
1 9657 
0 
1 6454 
2 570 4737 
0 
1 2427 
0 
1 9861 
1 6290 
0 
1 8789 
0 
1 4213 
0 
0 
2 4431 5242 
2 2459 9710 
1 6708 
0 
0 
1 8716 
1 7292 
2 5809 7148 
0 
3 255 3898 9192 
1 9074 
1 6670 
2 835 7533 
1 4997 
0 
0 
1 2294 
1 6240 
1 8300 
0 
2 3772 6694 
0 
0 
1 4183 
1 2314 
0 
1 943 
0 
0 
0 
0 
1 4195 
1 4029 
1 623 
1 9071 
0 
0 
4 1817 5730 7191 8968 
0 
0 
1 7343 
2 2058 4288 
1 4772 
2 2635 2754 
0 
0 
3 2574 8695 9729 
0 
1 3838 
0 
1 4747 
0 
0 
1 8141 
1 2622 
0 
0 
1 377 
1 4860 
0 
1 853 
0 
1 137 
0 
1 9218 
0 
0 
1 9883 
0 
1 4847 
2 520 4665 
0 
1 1036 
2 4328 7287 
0 
0 
0 
4 3627 5660 6788 8114 
0 
1 5868 
1 3143 
2 2236 6998 
3 4297 8371 8447 
1 9484 
1 8800 
0 
2 2919 5204 
3 2760 5486 9433 
0 
0 
1 2189 
0 
1 1568 
1 8893 
1 7839 
0 
0 
0 
2 4164 8828 
0 
1 4639 
1 8823 
1 3637 
0 
1 6696 
1 7401 
0 
1 1113 
1 8276 
1 1723 
2 4646 7651 
1 7557 
1 1089 
0 
0 
2 1420 9273 
1 718 
4 1475 3522 6082 8688 
0 
3 866 7743 8256 
4 229 5390 6909 6954 
0 
2 698 9806 
1 9671 
0 
1 7780 
1 9978 
2 2650 6969 
0 
0 
0 
2 7248 9534 
1 6186 
1 5128 
0 
1 4046 
0 
1 6250 
1 5061 
0 
0 
0 
1 7178 
1 7971 
0 
2 904 2522 
1 8764 
1 5011 
0 
1 6012 
1 8850 
0 
0 
1 9240 
0 
2 4899 8259 
2 5961 8723 
1 4366 
0 
1 5441 
1 3615 
0 
4 3741 7828 9057 9359 
1 454 
2 3865 3896 
5 3976 6452 7324 8606 9840 
3 1910 2067 3207 
0 
1 2631 
1 2978 
1 9430 
1 7789 
4 537 2817 4992 8642 
1 2825 
0 
0 
1 8119 
1 4307 
0 
0 
0 
0 
1 3014 
1 2650 
1 7029 
0 
0 
0 
1 8701 
0 
2 55 2259 
1 5524 
0 
1 7222 
1 5935 
0 
1 6317 
1 3964 
0 
0 
2 4179 8992 
1 5650 
1 8328 
3 220 5666 6193 
0 
2 5346 5567 
2 2956 8011 
0 
1 6203 
0 
1 153 
3 4146 6559 7424 
0 
1 3103 
2 3984 4424 
2 735 8091 
1 9292 
1 9544 
2 437 5008 
1 4939 
3 451 762 5363 
1 2850 
1 1107 
1 915 
0 
0 
2 5621 6939 
0 
2 4834 9559 
0 
0 
2 1304 9001 
0 
1 1319 
0 
0 
1 9315 
3 1669 2763 2804 
1 9102 
0 
1 6378 
1 7370 
2 4339 6647 
2 1221 2263 
0 
4 8138 9164 9361 9400 
0 
1 743 
0 
1 4784 
0 
1 9312 
3 2974 4339 8290 
1 5376 
1 6986 
0 
1 8853 
0 
2 7605 7834 
0 
0 
1 8154 
2 3942 9479 
0 
3 1318 4301 7711 
1 4300 
1 3977 
0 
1 7851 
1 2413 
1 2491 
1 6304 
2 3653 3815 
0 
0 
1 5870 
0 
0 
0 
0 
3 4464 6572 7139 
1 7872 
1 2042 
1 6995 
0 
0 
2 6368 8602 
1 8110 
1 6288 
1 2792 
2 3538 4513 
0 
0 
2 3346 4631 
2 636 3933 
1 80 
0 
0 
2 4992 9107 
2 5331 9100 
2 2654 9221 
2 6695 8977 
1 1540 
0 
0 
1 8696 
0 
3 665 5940 6153 
1 6700 
2 169 3519 
3 2233 4776 6043 
1 1789 
1 9606 
3 449 2999 6852 
2 175 1230 
0 
0 
1 5415 
0 
0 
1 2671 
0 
1 867 
3 965 2128 4581 
0 
1 2279 
1 8250 
1 988 
0 
1 273 
0 
0 
0 
0 
2 1056 1921 
3 2881 6879 8779 
0 
0 
1 243 
2 724 5382 
1 8446 
0 
4 690 1727 8185 8673 
2 784 2675 
1 709 
3 2330 2997 3079 
1 262 
1 9585 
3 2324 4212 7797 
0 
1 8378 
2 1223 4063 
0 
0 
1 511 
1 8280 
1 5076 
1 2837 
2 110 4865 
2 2792 4227 
0 
2 1148 7371 
2 2009 9402 
1 5453 
2 3051 8553 
1 2737 
0 
1 3606 
1 2440 
2 543 5397 
0 
1 8345 
0 
2 744 6899 
3 978 1851 3081 
2 6287 7632 
0 
2 3596 4404 
0 
3 253 2694 4460 
0 
1 9733 
1 1274 
0 
1 9830 
1 9280 
2 3389 7462 
0 
2 4271 7017 
1 9364 
1 6606 
1 2785 
1 4577 
0 
2 4293 5828 
2 2276 8235 
1 1304 
1 553 
2 3306 7945 
1 7678 
1 6587 
1 5100 
1 4824 
0 
1 4275 
0 
0 
0 
2 3331 6737 
2 1957 4459 
3 3766 5163 8455 
0 
1 3847 
2 1820 3689 
2 2070 8616 
2 3212 7900 
2 8453 8887 
2 6027 7532 
0 
1 1185 
1 2271 
0 
0 
2 4982 7985 
2 3501 4641 
1 5342 
2 4942 5102 
2 4039 8047 
1 9710 
1 1886 
4 4379 5990 8678 9082 
1 1906 
0 
0 
0 
0 
1 6911 
1 1181 
1 7850 
2 2553 5932 
3 412 636 9149 
0 
3 2572 9029 9870 
0 
3 4142 9240 9378 
1 4146 
1 9363 
1 5920 
2 465 4016 
2 5725 7662 
0 
1 9501 
0 
1 3883 
1 4273 
0 
1 1259 
1 9804 
0 
1 8683 
2 3642 6786 
1 7729 
2 6731 7000 
2 4799 6255 
1 6021 
0 
0 
1 3003 
1 8183 
2 2867 5834 
0 
0 
0 
0 
0 
1 867 
0 
1 7139 
0 
0 
0 
0 
1 5179 
0 
0 
1 5805 
2 5143 9536 
0 
0 
1 5370 
2 70 1943 
0 
0 
0 
0 
2 47 5125 
0 
1 1155 
0 
1 1863 
1 7406 
1 5842 
0 
0 
2 2404 9844 
0 
1 6504 
0 
2 721 1740 
0 
0 
1 8229 
3 237 3391 8721 
0 
0 
0 
1 16 
1 9579 
3 1710 3754 4243 
1 9591 
1 1815 
2 744 758 
0 
0 
1 742 
3 938 3747 8351 
1 4897 
0 
0 
0 
2 6296 8081 
0 
1 5360 
0 
0 
0 
1 8457 
1 3639 
1 1055 
2 3119 3800 
0 
0 
1 4895 
1 3249 
0 
2 2075 9395 
0 
0 
0 
2 567 578 
0 
1 7873 
2 3970 8654 
3 5052 8392 9047 
0 
2 4159 6806 
0 
0 
0 
0 
2 194 4444 
3 3047 5415 9329 
1 8725 
0 
1 2340 
1 8544 
1 4815 
1 4851 
1 7382 
0 
1 5917 
4 2653 3768 5218 6223 
2 5685 8764 
1 6997 
0 
2 9012 9039 
0 
4 1996 4187 6827 8846 
1 7535 
2 520 8048 
3 2009 6844 9304 
2 4066 7042 
0 
1 4669 
3 2327 6129 9653 
1 4836 
3 3501 3928 5737 
1 7343 
1 47 
0 
2 4672 7616 
2 723 5657 
1 1171 
0 
2 1449 8726 
0 
0 
1 5644 
2 1788 7649 
0 
0 
0 
1 900 
0 
0 
0 
2 6787 7855 
1 7783 
0 
3 3277 4964 7212 
0 
0 
0 
2 1832 4610 
1 6217 
0 
0 
1 7569 
2 3641 8462 
0 
0 
0 
0 
0 
1 4906 
0 
2 4645 8538 
0 
0 
0 
1 6658 
1 4641 
1 6625 
2 210 2181 
1 2774 
1 4800 
1 3393 
0 
1 1472 
2 1710 8674 
0 
0 
2 2753 8286 
1 1214 
0 
1 956 
1 2486 
0 
1 6795 
0 
0 
2 324 4048 
3 5580 7751 7892 
1 8515 
1 3682 
0 
0 
0 
2 5077 8060 
0 
0 
4 117 5274 7177 8277 
0 
0 
1 7453 
0 
1 6488 
3 3393 9032 9956 
1 1160 
1 3238 
3 3152 4730 6876 
1 959 
1 1293 
0 
0 
1 1800 
0 
1 5815 
1 818 
2 5745 6270 
1 5867 
0 
0 
0 
1 8676 
1 7480 
0 
3 1440 5157 8500 
1 6474 
2 699 9563 
0 
1 2224 
1 9852 
2 1973 9753 
2 2353 9283 
3 4854 6877 9749 
3 946 2053 9322 
2 9140 9700 
0 
2 2110 3815 
1 5877 
1 2302 
0 
2 2854 5712 
4 487 945 1656 3523 
0 
2 1212 7981 
0 
0 
3 5993 7247 9461 
2 7571 9059 
0 
2 7201 9183 
2 3491 8232 
1 9289 
2 2666 6844 
1 5167 
2 1571 7819 
3 659 2068 8203 
2 1908 7481 
2 5247 6893 
1 5078 
0 
0 
1 2459 
0 
0 
1 519 
1 2670 
0 
0 
0 
0 
2 6475 8036 
2 1762 7288 
1 3426 
0 
0 
0 
1 2253 
1 2104 
2 3781 5744 
1 4858 
1 9837 
0 
2 7420 8355 
0 
1 3394 
5 1251 3495 8693 9161 9738 
4 906 5684 6355 7974 
1 5550 
1 4732 
2 6427 9459 
1 4361 
3 2257 4893 7316 
3 3443 8478 9207 
1 4604 
0 
2 5374 7156 
1 6897 
1 7156 
1 1323 
0 
1 5990 
1 7555 
5 1291 1488 1774 4286 8665 
1 1567 
1 1304 
0 
2 7953 9636 
0 
1 6869 
1 8301 
1 812 
1 7943 
3 1511 4161 8005 
0 
2 1090 5625 
1 8646 
0 
0 
2 5369 8535 
0 
2 5809 9075 
1 1548 
0 
0 
1 3677 
1 861 
1 8125 
1 211 
3 5979 7920 9515 
2 3141 5970 
0 
0 
0 
0 
1 4227 
0 
0 
1 3261 
0 
0 
2 4401 9160 
2 1125 1383 
0 
0 
2 406 1029 
0 
0 
4 3656 8323 8700 9814 
2 1196 7093 
0 
1 2244 
1 2954 
1 4339 
1 8774 
2 3364 8598 
0 
1 3880 
4 883 4906 7234 8356 
0 
0 
0 
0 
1 7648 
1 2048 
0 
0 
2 1002 8575 
1 1274 
1 9720 
1 8795 
1 8043 
2 2850 3580 
1 8900 
3 4343 4502 9597 
2 3810 9815 
1 1044 
2 7840 8014 
1 2632 
3 4276 4844 7449 
0 
0 
0 
1 8587 
3 184 1821 7757 
0 
1 5284 
1 6663 
0 
1 8732 
2 4550 9545 
3 2305 4694 9012 
0 
1 866 
0 
2 3193 4546 
1 6771 
2 5531 8185 
1 8698 
1 5776 
0 
1 8721 
2 717 4614 
3 409 5233 5512 
0 
0 
0 
0 
0 
1 6608 
1 6588 
1 7170 
1 4175 
0 
0 
2 1274 9182 
0 
0 
2 2618 5932 
2 5143 9484 
0 
1 821 
1 5366 
0 
1 8328 
0 
0 
1 8379 
0 
0 
0 
0 
3 2192 7288 8172 
0 
0 
3 880 4189 9934 
1 2041 
1 243 
0 
1 9968 
0 
0 
0 
1 4260 
0 
4 1794 2554 7555 7985 
2 7467 7519 
1 9969 
1 2982 
1 6216 
1 8939 
2 3673 5468 
0 
3 5874 5877 6341 
0 
3 3440 3674 5265 
1 6067 
0 
2 6972 8753 
2 2063 5251 
0 
0 
1 8848 
2 4882 7493 
0 
0 
1 5751 
1 5354 
1 3784 
0 
2 720 4004 
0 
2 6971 9124 
3 3327 5589 9810 
0 
1 2175 
3 5576 5926 8642 
1 241 
0 
1 2907 
1 2629 
1 9002 
0 
2 669 6739 
2 4103 8761 
1 274 
0 
0 
3 44 3429 4597 
1 1082 
0 
2 52 9099 
1 3252 
2 335 7467 
0 
3 5314 6570 7752 
1 3806 
2 5052 5231 
2 4126 5104 
2 5185 9009 
0 
0 
1 1058 
1 3003 
3 3260 8570 9968 
0 
0 
0 
0 
3 774 1256 4231 
2 2063 5188 
1 7915 
1 318 
0 
1 9366 
0 
1 4662 
1 6182 
1 6950 
1 3207 
0 
3 1556 3577 8794 
4 672 3226 4365 9427 
1 491 
3 1949 5613 9208 
0 
3 336 6407 9547 
0 
0 
0 
1 1595 
0 
0 
1 5758 
0 
1 29 
2 3588 4026 
4 5024 6672 7256 8552 
2 599 2319 
1 4785 
1 4200 
0 
2 4283 9951 
0 
1 4987 
1 8381 
1 158 
3 5090 6171 7222 
0 
2 173 9271 
0 
0 
1 3747 
2 2711 2845 
1 8648 
0 
0 
1 2545 
0 
0 
3 1385 2172 2661 
2 4835 8287 
0 
0 
0 
2 5216 6260 
0 
0 
1 8121 
5 216 4134 6519 7216 8637 
2 2929 7751 
1 7879 
2 7 97 
1 6761 
1 9890 
0 
0 
1 2764 
1 9857 
1 9999 
2 3617 5037 
2 1076 8887 
1 3683 
0 
2 3633 6702 
2 4070 5369 
1 5683 
0 
0 
2 2840 4413 
0 
3 5116 5626 7109 
2 4233 7936 
1 6354 
2 3066 9461 
3 3994 6829 7816 
0 
2 3270 7815 
1 4561 
2 2596 7686 
2 1661 5013 
0 
1 3623 
1 5815 
2 8360 8910 
0 
2 3311 8250 
2 2624 6962 
1 158 
1 3494 
1 3493 
0 
1 1152 
1 2290 
0 
0 
1 3406 
1 333 
2 2018 5257 
0 
2 4428 5133 
0 
2 4807 5899 
1 5925 
1 2625 
1 878 
0 
2 1711 5367 
1 1596 
1 2478 
2 2923 9449 
1 6059 
1 4573 
1 2683 
2 5489 7060 
0 
2 2179 7494 
2 3302 4950 
0 
0 
0 
1 720 
2 1181 4551 
0 
0 
0 
0 
0 
3 3471 3481 4044 
1 660 
1 6018 
0 
3 2834 4065 8647 
0 
1 773 
0 
0 
0 
2 3054 5314 
1 1783 
0 
0 
2 5743 7713 
0 
1 146 
2 1900 5974 
2 2475 5781 
0 
1 5504 
1 6642 
2 3982 8535 
2 131 8567 
3 2917 7018 7785 
1 2468 
1 4213 
3 3386 4445 7816 
0 
0 
1 4875 
0 
3 830 1360 4760 
0 
2 2829 5628 
0 
1 1753 
1 2352 
0 
0 
2 2669 3659 
1 5098 
1 9626 
0 
2 5036 8819 
0 
2 1203 1560 
0 
0 
1 9501 
2 6890 7925 
2 6870 8509 
1 9120 
2 5274 6679 
0 
1 1698 
0 
1 5560 
1 7440 
2 5877 5982 
0 
2 4996 8270 
1 4032 
0 
4 654 2096 2621 7624 
2 3606 9264 
0 
1 8473 
2 473 928 
0 
0 
2 9 8658 
2 3002 5046 
3 1286 7085 9222 
1 4280 
1 755 
0 
4 412 586 5029 7444 
1 4865 
0 
3 2412 8858 8878 
2 7885 8703 
2 2757 8665 
0 
0 
3 3443 4473 5701 
1 1993 
2 902 1993 
0 
3 4311 9519 9548 
1 333 
0 
2 1380 3229 
0 
0 
1 4528 
0 
1 2028 
1 5549 
2 863 8651 
0 
2 6753 9554 
1 6832 
3 93 5405 5460 
1 5413 
2 1992 3789 
3 4366 5828 8983 
0 
1 6453 
0 
1 6811 
0 
2 1545 3094 
0 
3 812 2665 9448 
0 
3 909 2286 5361 
1 1286 
1 4609 
2 5481 8762 
2 3638 6303 
2 3608 6052 
1 2708 
2 38 7912 
0 
1 3509 
2 4553 5425 
0 
0 
0 
1 1720 
0 
1 6108 
3 1531 6536 9357 
3 115 4424 8548 
0 
1 6209 
0 
1 2847 
2 9281 9998 
1 6270 
1 4767 
2 6392 7410 
1 5941 
1 8103 
0 
0 
0 
1 4901 
0 
1 2980 
0 
1 9400 
1 165 
0 
0 
1 485 
1 5725 
0 
2 1664 7097 
1 2891 
0 
1 9757 
1 4065 
0 
0 
0 
1 9842 
0 
0 
0 
0 
0 
0 
3 3519 5125 5145 
2 9180 9975 
3 616 5362 8606 
1 636 
1 4776 
1 1202 
1 5183 
1 4880 
1 1154 
1 8375 
1 6829 
2 906 4617 
0 
0 
0 
2 4434 4753 
0 
2 2625 6446 
0 
1 5305 
3 1395 5652 9472 
1 2440 
1 5154 
1 5798 
0 
1 2755 
1 3160 
1 7261 
2 7098 8468 
1 120 
0 
0 
2 542 5999 
2 3028 4086 
2 6183 7778 
1 2155 
0 
2 4081 5989 
2 1451 4333 
1 9982 
2 386 4465 
0 
2 1721 5852 
0 
1 2835 
2 4695 9019 
1 7178 
3 2354 6037 6620 
1 4289 
0 
3 2500 7560 9795 
3 527 1148 7626 
0 
1 6802 
0 
1 9655 
1 2470 
1 509 
0 
1 2939 
1 4323 
0 
1 2575 
1 9411 
1 3621 
2 4975 6339 
1 6198 
1 7070 
2 3552 5813 
1 8962 
0 
0 
1 2626 
2 2527 9798 
1 712 
1 6371 
0 
0 
0 
0 
1 5934 
1 7885 
2 6201 6216 
1 8320 
3 4179 8465 9286 
0 
2 74 1469 
0 
1 1267 
3 324 7345 8711 
1 8577 
1 3985 
1 8329 
1 731 
1 8753 
0 
1 4457 
2 2871 3842 
0 
2 6897 8571 
0 
1 4093 
2 735 5802 
1 6570 
3 562 2137 4524 
0 
1 3181 
2 3067 9128 
0 
1 7839 
2 5359 7250 
0 
1 1754 
2 6424 6725 
1 4636 
0 
0 
1 8352 
2 3522 6388 
2 1412 5544 
2 426 7063 
1 7965 
0 
1 4627 
1 9849 
1 2566 
1 3329 
0 
2 3653 3860 
2 5407 7939 
2 960 8862 
2 4787 9488 
1 3855 
2 3339 4875 
3 2180 7802 9523 
0 
2 8410 8605 
0 
1 7700 
0 
1 7610 
0 
0 
1 180 
1 989 
0 
0 
0 
1 9789 
2 1493 4207 
1 6524 
1 7754 
2 1262 3299 
3 1193 2649 9201 
0 
0 
2 2474 3812 
1 1493 
2 2954 8641 
3 3819 8103 8893 
2 126 7254 
1 9767 
0 
1 1044 
1 9388 
1 8099 
1 9580 
0 
2 3024 6492 
1 5958 
0 
1 7882 
0 
2 6187 7813 
0 
0 
0 
3 1422 2502 8628 
1 2716 
0 
1 1628 
2 4082 7163 
1 4558 
0 
1 2685 
0 
0 
0 
2 545 7696 
0 
2 7516 9191 
0 
1 8335 
1 9634 
0 
1 1781 
0 
0 
2 1576 6896 
0 
3 3022 7376 9790 
2 7055 7823 
1 1691 
3 2501 5121 8978 
3 5526 8467 9253 
1 1056 
0 
1 8792 
2 2254 5440 
2 6338 7657 
1 9550 
1 712 
2 2231 6179 
1 5325 
3 8637 9287 9811 
1 3213 
0 
4 793 1124 2486 3899 
0 
3 1425 3980 6358 
0 
1 1450 
1 1609 
0 
1 3217 
1 5571 
0 
3 2460 8786 9426 
0 
0 
0 
0 
1 8579 
0 
3 3279 8606 9415 
2 2609 9868 
1 8446 
1 7755 
1 2439 
4 102 937 2951 7384 
1 4528 
1 6948 
1 7022 
1 1662 
2 956 8368 
2 5124 9956 
1 3211 
1 4371 
1 6832 
0 
0 
0 
0 
0 
2 2602 4480 
0 
0 
1 5725 
2 6965 8418 
1 3271 
2 4972 7404 
0 
4 1072 1666 5604 6761 
3 3539 4517 8686 
0 
2 2944 8096 
2 6597 9991 
1 7908 
2 1481 8390 
0 
0 
2 1272 3478 
1 4230 
2 1094 1221 
2 4644 7334 
1 8327 
1 2713 
0 
1 1654 
0 
1 4921 
0 
2 2785 5121 
0 
1 5423 
1 1830 
1 3692 
3 407 2301 3864 
1 7152 
0 
1 682 
0 
1 6287 
0 
1 4313 
2 1434 9512 
0 
0 
1 1208 
1 1619 
0 
0 
1 3795 
1 6784 
1 9768 
0 
1 7668 
0 
0 
0 
1 197 
1 3631 
0 
0 
0 
2 1180 7124 
1 9098 
1 9711 
1 2261 
0 
0 
2 121 3457 
2 4252 7677 
2 2689 3814 
1 2098 
0 
1 1509 
2 585 5712 
2 1553 5110 
2 6230 7296 
1 9796 
2 524 4070 
1 9994 
0 
2 3298 6860 
1 283 
2 5456 7388 
3 669 837 2828 
2 3796 8496 
0 
3 1139 5932 6105 
3 3924 7623 9379 
1 9538 
2 2247 2613 
1 7983 
2 3971 5166 
0 
1 3287 
0 
0 
1 1477 
0 
4 1320 1533 3587 4417 
0 
2 6788 9136 
2 8659 8669 
0 
1 1867 
0 
0 
2 2748 5108 
1 7164 
3 4369 4646 5358 
0 
1 268 
2 1749 5625 
1 1854 
1 4520 
1 9771 
1 4154 
1 6543 
0 
0 
1 1832 
0 
1 8836 
4 23 2401 6978 9805 
1 1368 
0 
1 9503 
2 923 3983 
2 1316 5704 
2 464 3771 
0 
3 878 3755 8822 
0 
1 3384 
1 473 
4 4487 5179 7112 8276 
1 6020 
0 
4 5389 5520 6409 8168 
0 
2 3853 4049 
0 
3 1288 1978 9510 
0 
1 7036 
1 6533 
0 
1 7297 
1 2580 
0 
3 2750 7138 7357 
1 5638 
0 
2 2868 9722 
2 1787 9089 
3 4793 5218 9017 
0 
0 
1 2431 
1 1728 
1 8601 
0 
1 6302 
1 137 
0 
0 
2 2065 8941 
2 2307 5190 
1 8193 
0 
0 
1 5995 
1 146 
3 2113 2468 3448 
0 
1 2541 
2 13 3655 
0 
1 9292 
2 8938 9389 
0 
1 2214 
1 753 
2 647 9196 
1 4328 
0 
0 
1 8035 
2 6154 7772 
0 
1 589 
1 8456 
1 320 
0 
0 
1 1356 
2 3022 5777 
1 6041 
2 3838 9563 
1 8491 
0 
1 5797 
0 
0 
0 
2 8482 9616 
1 4773 
1 2530 
0 
2 2796 4578 
1 2119 
2 1641 8418 
2 333 1704 
1 903 
0 
0 
2 3652 7573 
0 
0 
0 
2 1384 5590 
1 4235 
1 6049 
0 
1 1070 
5 298 781 2733 8238 9171 
3 1371 3401 3527 
4 2616 7043 7087 7443 
1 81 
0 
1 4400 
2 3242 5011 
1 2707 
1 470 
0 
2 609 8194 
1 1569 
1 949 
1 108 
2 1983 5490 
1 2633 
0 
1 3447 
2 766 6501 
1 7573 
4 3376 4997 5650 5810 
0 
1 4291 
0 
0 
1 7317 
1 8258 
0 
0 
0 
0 
2 2822 8096 
3 1290 7823 8063 
1 4228 
2 6217 7079 
0 
0 
3 2644 2954 9867 
2 4416 9795 
1 2064 
3 447 8356 9457 
0 
1 1233 
1 2533 
0 
1 4383 
2 4271 5689 
1 7971 
0 
1 9053 
2 1610 9594 
1 7145 
1 2315 
0 
0 
1 4411 
0 
2 2510 9633 
0 
2 1133 6039 
2 902 9466 
3 2767 3782 4188 
1 913 
1 8501 
1 7006 
3 2394 5291 8064 
1 4 
2 8967 9975 
0 
2 9321 9475 
2 646 3367 
0 
1 7701 
0 
2 129 360 
0 
2 383 6556 
1 1420 
3 255 6630 6742 
0 
0 
2 3197 9149 
1 7864 
0 
0 
3 597 3585 5580 
2 1660 3887 
1 3950 
1 1119 
1 7487 
3 1068 5731 7002 
0 
1 6502 
0 
1 7927 
0 
2 308 5135 
2 1533 6001 
3 2576 8073 9121 
3 1537 4238 8632 
0 
0 
2 3105 3150 
3 92 645 9902 
1 5429 
0 
1 705 
1 4380 
1 503 
1 3630 
1 992 
2 3655 6990 
3 33 2783 7605 
2 361 4189 
0 
0 
2 2106 8798 
2 4873 5289 
1 479 
2 4841 9872 
1 9904 
1 6039 
1 9282 
0 
1 781 
1 4282 
1 1760 
1 6558 
0 
0 
3 4716 4795 9639 
1 8982 
0 
1 4758 
2 3724 4513 
0 
1 3043 
1 3362 
0 
1 5315 
1 7510 
3 5973 8804 9900 
1 4311 
0 
2 2298 5087 
0 
0 
2 542 5492 
2 1510 1571 
1 5234 
3 587 2509 2840 
2 1652 1836 
4 2063 3715 4110 5510 
0 
1 4513 
1 9849 
1 3068 
0 
2 8211 8446 
1 7626 
1 7499 
1 8903 
0 
3 4535 6307 9006 
1 7114 
1 7579 
2 1391 3916 
0 
0 
1 8651 
1 9756 
0 
1 3639 
0 
1 267 
3 1695 4858 6069 
2 3945 7981 
0 
0 
0 
0 
0 
0 
2 2086 3042 
0 
0 
1 2016 
1 1686 
3 1771 3711 4901 
0 
1 5383 
0 
1 4519 
1 6009 
2 4190 6583 
2 6169 6197 
0 
1 4201 
3 286 2123 8314 
2 1998 4933 
0 
0 
1 7963 
1 8410 
0 
1 9716 
1 761 
2 1389 8200 
1 6743 
0 
0 
1 5730 
0 
1 3315 
0 
0 
1 2040 
0 
0 
0 
2 501 3171 
0 
1 2714 
0 
1 8032 
1 4256 
1 281 
2 3800 4921 
0 
1 2300 
1 8292 
0 
1 8048 
1 1482 
1 109 
2 132 8190 
0 
2 671 5667 
2 3152 8116 
1 1750 
2 2510 4188 
3 2733 7637 9839 
3 280 4094 5346 
1 5140 
0 
0 
0 
1 7170 
1 1662 
1 5334 
0 
3 2824 3229 6822 
1 7361 
3 21 1574 8659 
2 2226 9661 
1 8701 
2 3949 8659 
0 
2 6379 7664 
2 2421 7998 
5 136 2298 2910 4150 8171 
1 368 
0 
2 1476 2721 
0 
0 
2 4309 6531 
1 9664 
0 
2 1869 5912 
0 
0 
0 
3 5882 7946 9405 
2 4146 9986 
2 753 965 
0 
1 9351 
2 197 7673 
1 7630 
0 
1 548 
3 2613 7625 8853 
3 2326 3890 4392 
1 9052 
2 198 1691 
0 
0 
0 
0 
1 7239 
0 
1 6717 
4 1065 1428 4077 6777 
0 
0 
0 
1 673 
2 2333 5108 
1 7738 
2 5056 6808 
3 1385 6213 9211 
1 2360 
1 5919 
0 
0 
1 1309 
0 
0 
1 5997 
1 5818 
0 
0 
1 1446 
1 4532 
2 6080 9350 
1 2927 
0 
2 2932 6566 
0 
1 1086 
0 
3 1897 6439 7955 
3 1302 4186 4349 
1 5130 
0 
2 526 7601 
2 1382 3186 
1 1517 
3 94 337 2729 
1 7770 
1 9977 
0 
1 5567 
2 4726 6257 
1 2048 
1 1825 
2 331 2502 
3 1080 7619 8327 
1 3037 
2 3528 6029 
1 6365 
0 
2 367 5240 
0 
2 7484 7591 
1 2512 
0 
0 
0 
0 
2 1453 3654 
0 
1 2347 
0 
2 3434 5233 
0 
0 
2 1037 8062 
0 
2 254 9351 
2 7782 8269 
0 
2 392 4158 
1 9697 
0 
0 
4 576 1243 4875 8348 
2 1477 4623 
2 3761 7949 
1 4455 
2 2773 4515 
2 2450 3449 
0 
1 124 
2 4113 8414 
2 4318 7539 
1 2067 
3 4010 4276 5420 
1 3718 
1 1569 
0 
0 
2 2058 3987 
2 2461 6615 
1 3482 
0 
0 
1 8253 
0 
0 
1 3568 
2 1394 5181 
1 7313 
1 815 
1 9835 
1 6320 
0 
2 2046 4904 
2 858 3349 
1 1784 
0 
1 7359 
2 920 6791 
2 1669 6505 
1 9679 
1 3598 
0 
0 
0 
3 1973 6189 8945 
1 7075 
1 15 
0 
1 4442 
2 2210 8611 
1 4642 
1 2515 
1 547 
0 
0 
1 2235 
1 4443 
0 
2 3546 3790 
1 15 
2 431 7129 
2 2702 6277 
1 2703 
1 5369 
0 
2 2037 6406 
1 4797 
0 
3 4465 6452 9479 
0 
1 731 
0 
1 5095 
2 7597 9080 
1 5793 
0 
1 6226 
0 
1 2795 
3 2906 5848 8611 
3 550 8210 9453 
2 6847 8757 
0 
1 4721 
2 3388 7578 
0 
0 
0 
0 
0 
0 
1 1235 
0 
0 
0 
3 6114 6428 6791 
2 3592 6570 
0 
1 9310 
1 4849 
1 7539 
0 
1 8713 
2 4442 8060 
1 6334 
1 6768 
0 
3 501 502 9664 
0 
1 1480 
0 
2 4142 6362 
4 804 1016 1640 9318 
2 5664 9990 
2 2363 2689 
1 9178 
0 
0 
0 
0 
0 
3 714 8796 9210 
0 
1 8821 
3 19 2641 4458 
0 
1 8181 
1 6010 
0 
1 3316 
0 
0 
2 655 4325 
1 5005 
0 
2 5138 7976 
0 
1 9080 
2 1427 6596 
0 
0 
0 
1 7034 
2 7070 7837 
1 1190 
0 
1 328 
2 1201 4359 
0 
1 7235 
1 188 
3 1273 1517 8655 
2 1175 5698 
1 5143 
1 307 
1 4094 
0 
3 7784 8401 8407 
2 2626 9721 
2 7464 8811 
1 8251 
0 
0 
1 4904 
3 1041 5889 8785 
1 9657 
1 6319 
1 3420 
0 
4 2362 4717 9378 9719 
1 2916 
0 
1 1984 
1 9692 
2 4088 9713 
2 5988 7388 
1 8090 
0 
1 9760 
0 
0 
1 816 
3 138 2360 8067 
1 6640 
1 2086 
0 
0 
1 4632 
0 
0 
0 
1 484 
1 4437 
4 2422 3979 7449 9311 
1 2993 
1 6880 
1 7640 
0 
1 1424 
1 801 
0 
0 
1 9805 
3 4396 7336 8557 
0 
1 1112 
0 
1 1885 
0 
1 9694 
4 3434 5324 8287 9361 
1 60 
0 
1 1715 
1 4738 
1 2019 
1 967 
0 
2 1465 2141 
3 469 4167 8170 
1 1702 
1 2490 
0 
2 3881 5076 
0 
4 1297 6576 8355 8725 
0 
1 1233 
4 1279 7623 8718 9924 
3 5680 7432 8903 
0 
0 
1 4164 
1 4986 
0 
0 
0 
2 1248 7632 
0 
1 9678 
1 9103 
1 7719 
0 
0 
1 8102 
0 
2 28 1659 
1 4775 
0 
1 6295 
0 
1 6078 
0 
1 6497 
0 
1 5761 
2 4215 5963 
1 6523 
0 
0 
1 1973 
0 
0 
1 1834 
1 3455 
0 
0 
0 
2 4006 4878 
2 316 4282 
2 645 8634 
2 4373 9768 
1 8843 
0 
2 2058 2477 
1 5777 
0 
2 549 2300 
1 6013 
0 
1 8120 
2 4917 7829 
2 2682 9250 
0 
0 
1 899 
0 
1 3826 
1 9099 
0 
0 
0 
1 1325 
3 3430 5011 9407 
1 2635 
1 4533 
0 
0 
1 3160 
1 6533 
1 3820 
1 1941 
0 
2 886 3306 
2 8675 9466 
0 
0 
3 5470 7742 8903 
0 
2 375 3432 
3 743 5228 5952 
0 
1 9592 
1 8327 
3 2679 9347 9461 
0 
0 
0 
1 2238 
2 8757 9413 
2 6722 7153 
4 760 2567 9325 9859 
2 6267 7859 
2 864 5586 
1 8571 
0 
1 4277 
1 3978 
2 3801 8169 
3 483 6123 9178 
2 6019 7585 
1 2351 
2 5037 8715 
1 6053 
0 
2 1263 6584 
1 6568 
2 8811 9314 
0 
1 6528 
0 
1 5509 
0 
1 9178 
3 1584 4424 6366 
0 
2 6974 7101 
1 4894 
2 5743 6602 
1 1497 
0 
1 2527 
2 790 6953 
1 110 
1 2157 
3 2226 3932 4840 
0 
0 
2 2121 6164 
0 
1 6422 
0 
0 
0 
1 2003 
2 2774 5740 
0 
1 7380 
3 3678 4496 4770 
0 
0 
2 2444 8692 
0 
2 3266 5202 
2 5081 9524 
1 2308 
0 
0 
1 1254 
0 
1 3815 
1 6139 
2 6970 8377 
3 2687 5722 9127 
1 9091 
0 
4 1433 4353 5705 9245 
1 3970 
1 3908 
0 
3 2891 6283 7415 
1 995 
1 9049 
0 
2 4157 9458 
1 2170 
0 
0 
1 8296 
0 
1 2409 
1 4224 
3 411 2568 6739 
1 7354 
1 5612 
1 1252 
0 
0 
0 
1 7632 
1 7038 
0 
1 3192 
0 
1 9379 
1 9474 
0 
1 8676 
2 1867 9933 
2 4090 6934 
2 4962 5632 
2 7233 9693 
2 675 2325 
0 
2 4357 8111 
2 9326 9349 
0 
2 7150 8871 
1 2805 
1 932 
1 9134 
1 6296 
1 8304 
0 
1 1019 
1 347 
2 5431 8678 
0 
2 7818 8828 
0 
3 2482 4967 7731 
3 2734 4536 6009 
1 9182 
2 9767 9915 
1 6812 
1 4615 
0 
1 1912 
1 3714 
0 
2 6023 6696 
1 6543 
3 3236 4012 9150 
2 5011 9997 
0 
1 2425 
2 2749 4581 
0 
2 3906 4294 
0 
2 207 6792 
2 5301 6404 
2 2903 5898 
0 
0 
1 6505 
1 8902 
0 
1 2252 
2 1798 9923 
0 
3 3623 4445 6302 
1 55 
0 
0 
2 6473 8004 
0 
2 2017 3698 
2 178 8353 
0 
0 
0 
0 
1 2560 
2 1769 6423 
1 3730 
0 
0 
0 
1 6560 
1 8178 
3 5436 6985 7490 
0 
1 5880 
0 
1 4555 
0 
2 2404 9963 
1 8176 
2 996 2781 
1 8183 
1 1837 
1 5862 
0 
1 3115 
2 5859 9979 
2 2662 7582 
0 
0 
0 
1 3909 
1 3308 
0 
3 437 3504 6021 
0 
1 1443 
3 2166 7323 9790 
2 3160 4144 
1 9463 
1 7876 
4 3929 4144 4398 8036 
1 3006 
2 336 9754 
1 5850 
0 
2 5264 7344 
0 
3 1996 8089 8461 
4 1479 2252 5933 6807 
0 
1 708 
0 
2 5521 6537 
0 
0 
0 
0 
0 
2 2376 6413 
0 
0 
4 1372 1872 5819 8426 
2 4313 6252 
1 8205 
1 1336 
2 852 1846 
0 
1 636 
0 
1 8607 
1 9273 
0 
1 870 
1 6607 
0 
1 5260 
0 
1 6057 
1 7565 
2 1872 6139 
1 3799 
0 
1 5294 
1 3676 
0 
1 2710 
0 
1 1755 
1 4314 
3 1473 4167 9977 
0 
1 8671 
0 
1 7868 
2 7861 9410 
3 3668 4109 4853 
2 2985 5885 
3 4593 6430 8211 
1 3423 
1 6415 
0 
0 
0 
2 2600 3536 
2 573 4482 
0 
2 307 6251 
0 
0 
1 6143 
0 
1 1097 
0 
0 
1 111 
2 5667 8192 
0 
0 
1 2224 
3 438 6629 7296 
1 9341 
3 194 554 4682 
0 
1 1897 
7 2725 3385 6106 6457 7130 9398 9634 
1 7753 
3 5613 6662 8391 
0 
1 109 
3 1145 7266 9018 
0 
0 
1 3197 
1 4021 
1 9015 
0 
1 5132 
2 4356 8676 
1 8500 
2 1641 7219 
2 1368 6232 
2 2751 6199 
2 4020 9688 
0 
0 
2 4398 6369 
1 2815 
0 
0 
0 
0 
1 5532 
2 4550 7560 
3 3659 3992 7890 
0 
0 
2 461 3938 
4 2344 7016 7505 8974 
2 4937 9789 
0 
1 5300 
1 8613 
1 4545 
3 2089 6133 8414 
1 5088 
1 1177 
0 
1 7507 
2 658 9280 
1 2486 
1 1998 
0 
3 544 5184 5798 
2 2200 5484 
1 656 
3 1126 3378 8223 
2 5635 7281 
1 7344 
1 6318 
0 
1 1430 
2 4341 9802 
1 5687 
1 4902 
3 134 3693 5870 
2 433 1176 
1 5807 
0 
0 
1 9969 
1 3646 
1 8453 
1 5331 
0 
1 613 
1 8366 
1 445 
0 
3 760 9133 9856 
0 
3 2096 4560 9487 
1 851 
4 5050 5112 7041 7400 
1 7355 
1 4963 
1 104 
3 3539 8656 8818 
1 9151 
1 7432 
0 
0 
0 
1 4988 
2 6361 8413 
1 7640 
2 2467 4460 
3 1178 1222 5690 
0 
0 
2 820 8733 
1 5914 
0 
1 4322 
1 8260 
0 
0 
0 
0 
0 
0 
1 4147 
0 
2 2283 5166 
0 
0 
2 1792 2242 
1 6885 
0 
1 1246 
0 
0 
2 5608 6450 
1 1141 
1 5306 
0 
3 3346 6515 9869 
1 9566 
1 8482 
0 
2 2501 8536 
1 1429 
0 
0 
1 6797 
3 1271 1293 9129 
0 
1 552 
1 6382 
1 2107 
0 
1 1365 
0 
0 
1 7729 
1 3161 
1 9596 
0 
0 
1 4853 
1 5961 
0 
2 4471 6384 
2 1412 9938 
1 719 
1 2190 
0 
0 
1 5452 
0 
0 
1 9850 
1 9506 
0 
0 
0 
2 7170 9523 
1 5686 
0 
1 66 
0 
0 
1 1065 
3 1828 3813 6138 
2 980 7683 
0 
0 
2 6000 7804 
2 2037 9824 
2 8149 9076 
1 2129 
0 
1 6129 
3 5738 5916 7276 
0 
2 7931 8140 
0 
1 5946 
1 6397 
0 
3 324 522 9047 
1 1049 
3 2313 3094 7164 
3 921 9413 9890 
1 8242 
3 2159 2276 8892 
3 1679 1764 6563 
2 3536 8342 
1 4954 
0 
0 
1 8304 
2 2513 2843 
1 1015 
1 8180 
1 9215 
0 
0 
3 1123 2552 5715 
0 
2 1615 9299 
0 
1 2456 
1 5186 
1 788 
1 4238 
2 625 1748 
2 1449 9763 
0 
1 8005 
4 979 6217 9879 9906 
1 7084 
1 9772 
1 4725 
3 772 1183 9697 
1 2168 
2 2038 4208 
1 4547 
0 
2 7312 9118 
2 873 3361 
1 4686 
2 424 9748 
2 2790 5401 
0 
0 
1 2294 
1 3432 
0 
1 274 
0 
2 2593 5186 
2 249 4579 
2 5978 7356 
1 2355 
1 4595 
0 
2 3437 7727 
0 
0 
2 287 7240 
0 
2 7491 8356 
4 4475 9359 9447 9770 
1 564 
0 
0 
1 5292 
1 9239 
1 991 
2 4140 4595 
3 3843 5025 6176 
1 1436 
0 
0 
0 
0 
2 3800 7652 
0 
0 
1 5433 
0 
0 
1 7893 
2 4842 8498 
0 
6 495 1136 1778 5977 6774 9760 
0 
1 8514 
1 6247 
0 
0 
1 8900 
4 197 7022 7493 9388 
2 3246 9421 
0 
1 3107 
0 
1 6560 
1 246 
2 100 8158 
1 6235 
1 9167 
1 6734 
1 3366 
1 5943 
3 5899 8758 9024 
0 
1 1902 
2 3692 8207 
0 
2 52 5325 
0 
0 
1 4256 
0 
0 
2 2249 2643 
0 
0 
2 9117 9173 
1 5679 
0 
0 
3 3908 4479 7652 
1 8712 
2 2712 9876 
2 2615 7236 
1 1712 
1 889 
1 2349 
4 2685 5418 9566 9651 
0 
3 544 651 9076 
1 960 
0 
0 
2 1630 5747 
1 9995 
0 
1 571 
2 3604 4805 
1 3517 
0 
2 3222 6355 
1 9821 
0 
0 
0 
1 5606 
5 3759 5788 6451 6907 9440 
3 1440 2980 7310 
0 
2 1776 6446 
0 
0 
2 4928 5828 
3 411 4459 9802 
1 3500 
2 7353 7985 
0 
1 5154 
1 9138 
0 
0 
0 
3 1990 3119 9482 
1 1158 
2 2113 9160 
1 378 
0 
5 228 1380 3425 7408 8695 
1 6015 
1 5523 
1 5387 
2 2464 7505 
0 
2 6366 7565 
2 1685 1969 
2 8523 9170 
1 7434 
0 
0 
1 1912 
1 2512 
2 2606 7715 
0 
1 7818 
1 5461 
0 
0 
4 290 6864 8706 9688 
2 4722 7693 
1 4578 
1 1194 
3 3183 4144 9424 
0 
0 
1 1305 
1 2832 
1 2000 
3 1113 8465 8637 
1 6586 
1 924 
1 3158 
1 1650 
0 
0 
2 4284 8590 
3 3978 6290 9960 
0 
0 
1 4732 
0 
0 
2 6050 7130 
1 5468 
0 
0 
3 1593 5332 6968 
3 5701 6323 8679 
0 
1 3515 
1 5982 
1 678 
1 4588 
0 
0 
1 8493 
0 
1 1348 
0 
1 3469 
2 1368 5249 
0 
0 
1 6094 
1 1183 
1 6108 
0 
0 
0 
2 4631 8424 
1 7356 
0 
0 
1 4481 
0 
0 
2 986 1172 
0 
1 6144 
0 
2 1380 9603 
1 8947 
0 
0 
1 7684 
1 5818 
0 
1 5422 
1 4217 
0 
2 3000 4904 
0 
0 
0 
3 1567 2880 5895 
0 
1 5936 
0 
0 
0 
0 
1 6517 
0 
1 5717 
1 5841 
2 4626 8211 
0 
0 
1 3981 
2 2182 5452 
0 
1 5934 
1 9234 
0 
0 
2 508 1104 
2 6758 7784 
4 2601 6869 7435 9417 
3 1810 8437 9407 
1 7040 
1 5313 
1 8540 
0 
0 
0 
0 
0 
3 4530 6299 7703 
0 
0 
0 
1 6078 
2 1804 6296 
3 3394 5425 8220 
1 4447 
1 3216 
1 2895 
0 
2 2385 5961 
0 
1 2446 
0 
0 
1 6899 
0 
0 
1 303 
0 
1 36 
0 
0 
2 8383 8617 
0 
1 534 
3 2163 2209 5832 
1 3917 
2 167 3962 
1 895 
1 2647 
0 
0 
1 1467 
0 
0 
0 
0 
0 
2 6536 6735 
1 1934 
3 3895 7727 8400 
0 
0 
0 
1 4681 
1 9048 
2 1235 7572 
0 
3 782 1127 2880 
1 5610 
0 
0 
1 8906 
1 5009 
1 5083 
3 611 7492 9588 
1 3735 
3 5395 5822 6981 
0 
0 
2 1278 2828 
1 8413 
1 7103 
1 7595 
1 8380 
0 
0 
1 6082 
1 747 
1 6420 
0 
1 4260 
1 1514 
0 
0 
1 5614 
3 55 4663 6530 
0 
2 6892 8428 
1 6960 
2 5696 7978 
1 8966 
1 6524 
2 5257 9999 
2 245 1990 
2 4911 5656 
1 7434 
0 
3 4472 6486 6995 
2 1081 5889 
2 3213 8980 
0 
0 
0 
0 
2 4883 5808 
0 
1 820 
0 
1 2827 
0 
0 
0 
0 
1 1003 
1 7395 
0 
0 
2 5067 7996 
0 
1 5118 
1 3440 
4 1458 5846 6244 8253 
0 
1 1150 
2 3024 6152 
0 
0 
2 3143 5309 
1 1115 
1 5693 
0 
5 1424 4186 4616 5453 7756 
0 
2 2523 3509 
1 9720 
2 2298 6664 
0 
2 5582 8321 
0 
1 8725 
0 
0 
3 146 2421 7695 
1 8450 
1 5185 
2 5692 9353 
1 2622 
1 6348 
1 3629 
1 4101 
0 
1 8356 
0 
2 883 8136 
2 99 9631 
0 
1 7252 
1 5495 
1 4779 
0 
2 1761 1887 
0 
1 8416 
2 5705 8290 
0 
1 1702 
0 
3 1523 3619 8402 
1 5910 
1 4100 
0 
1 8521 
1 8484 
0 
0 
1 2813 
2 1782 5375 
0 
1 493 
3 950 7042 9511 
1 2638 
1 4560 
0 
1 2182 
1 2969 
0 
2 3861 8416 
1 2980 
0 
0 
2 1471 5956 
1 5069 
0 
1 9192 
1 2483 
1 2396 
0 
1 7069 
0 
0 
3 2200 7393 8497 
1 5540 
1 160 
1 4360 
1 754 
2 7245 7788 
2 519 8001 
0 
1 3471 
1 9942 
1 6730 
1 136 
1 1138 
1 1330 
2 2463 8196 
1 3171 
1 71 
0 
1 387 
1 3859 
0 
0 
3 216 1321 2547 
2 2228 5963 
2 4078 9955 
1 6574 
0 
1 8149 
2 1510 8293 
0 
0 
2 3180 3240 
1 9739 
1 4228 
0 
0 
1 9832 
1 7345 
2 8650 8722 
2 87 1728 
2 3195 4392 
0 
0 
1 2777 
1 9262 
0 
2 1344 2635 
0 
0 
0 
1 9838 
0 
0 
0 
2 7089 8890 
1 3249 
1 3530 
3 3333 5807 8175 
1 7420 
1 8133 
0 
2 3537 8184 
0 
2 728 4275 
0 
0 
0 
0 
2 2019 9247 
1 3231 
0 
1 3141 
1 278 
1 7316 
0 
0 
0 
0 
1 5283 
0 
0 
2 6757 9068 
0 
2 2380 5677 
2 271 1895 
1 9780 
1 4626 
0 
1 8032 
0 
1 7895 
1 6649 
1 3691 
0 
0 
2 3075 6249 
1 6486 
0 
1 3637 
0 
2 4174 5759 
0 
0 
1 5069 
2 5199 9749 
0 
2 2507 8234 
0 
0 
0 
0 
1 2194 
1 9413 
0 
1 4440 
2 57 6948 
1 8622 
0 
1 6720 
1 6435 
1 438 
2 2723 9112 
2 4264 4775 
0 
1 9507 
1 2017 
0 
0 
0 
1 5462 
1 2097 
0 
1 4087 
0 
0 
2 368 6232 
1 2605 
0 
2 1234 5284 
0 
0 
0 
0 
1 402 
1 8623 
2 764 4816 
1 454 
2 3191 3689 
2 2539 3835 
2 3306 4867 
0 
0 
2 5394 5452 
2 412 5817 
1 828 
1 506 
1 3877 
1 8130 
2 1163 6090 
1 2997 
1 2651 
1 7115 
0 
2 4566 8965 
1 9115 
0 
0 
1 3784 
3 5885 8191 9290 
2 5291 9411 
0 
0 
1 4449 
3 5801 8248 9750 
1 350 
0 
1 1555 
0 
1 198 
0 
1 9204 
0 
0 
2 435 5242 
0 
3 1607 2843 7664 
1 2568 
1 8994 
1 3806 
0 
3 4286 4523 7336 
1 933 
1 320 
2 4441 4761 
1 776 
0 
1 6928 
0 
1 9629 
1 8902 
0 
3 942 2061 9675 
0 
1 2826 
1 634 
3 347 3809 3944 
0 
0 
1 5438 
2 7242 7947 
1 7711 
1 161 
0 
3 2990 3542 8971 
1 625 
2 7050 7095 
1 9045 
1 2794 
0 
1 8627 
1 7950 
2 2067 4847 
2 693 7230 
0 
2 2390 2920 
3 3150 6337 9086 
0 
1 1889 
1 1484 
0 
3 1922 4000 6436 
1 4390 
1 7627 
2 441 2095 
0 
2 2862 7379 
1 931 
1 3899 
1 3924 
0 
2 3564 8961 
1 5552 
2 1057 1136 
1 8010 
0 
0 
2 6073 9138 
0 
2 51 1159 
1 7098 
0 
3 4389 8007 8799 
1 6976 
1 6526 
1 3949 
2 2578 6915 
0 
1 4711 
2 3988 4612 
0 
2 3602 6462 
1 1218 
1 3093 
1 9766 
0 
0 
0 
0 
1 6296 
2 7464 7813 
2 2830 3349 
1 2911 
1 3665 
1 7481 
0 
0 
1 6894 
2 2696 8648 
0 
1 1503 
1 8139 
0 
1 375 
2 8630 9857 
0 
0 
0 
0 
0 
3 6835 8541 9538 
2 1607 7274 
0 
1 281 
1 8927 
0 
1 5776 
1 8729 
1 2273 
0 
0 
3 350 3455 9173 
1 1066 
0 
0 
1 1707 
1 9029 
1 249 
0 
0 
3 4754 6754 7441 
1 385 
1 4209 
0 
1 3179 
2 5709 7219 
1 3349 
0 
0 
2 729 8983 
1 1137 
3 7380 7400 8119 
1 6527 
0 
2 4298 7916 
0 
3 674 8481 8507 
1 4771 
2 1388 8284 
0 
1 6365 
1 3356 
1 5739 
1 4163 
1 4149 
0 
2 5703 9744 
1 8693 
2 2518 6891 
1 9464 
1 4889 
3 148 2116 2149 
2 1474 8224 
1 6505 
1 1328 
1 9347 
0 
2 5848 8144 
2 3483 8834 
0 
0 
1 692 
2 5102 7418 
1 3020 
0 
0 
1 9433 
3 3512 6536 8319 
1 721 
2 3802 7342 
2 3310 9555 
1 890 
1 3691 
0 
4 1456 1847 5081 9369 
1 2388 
0 
1 7160 
2 1387 5055 
2 1792 2834 
0 
2 743 8040 
0 
0 
0 
1 2272 
3 285 8123 9368 
1 9483 
1 5994 
1 3617 
2 4363 8339 
1 2702 
1 2561 
0 
3 3016 4755 6239 
1 7713 
2 7304 8648 
1 8999 
0 
0 
1 1486 
1 3413 
1 2816 
1 1430 
1 2620 
1 3123 
1 5499 
0 
1 4910 
1 7129 
1 5767 
2 1730 8734 
1 6438 
2 2198 6039 
3 2796 3810 6618 
3 4993 7219 7573 
0 
1 2802 
2 2513 2810 
3 1225 7447 9827 
1 2422 
0 
1 6854 
0 
1 1941 
1 2980 
0 
1 4714 
0 
0 
0 
0 
2 640 4325 
1 3103 
2 912 7603 
3 1138 2189 4633 
0 
1 7665 
0 
1 9210 
3 2255 9226 9886 
4 1156 1821 6636 8737 
2 4580 5500 
0 
0 
1 2407 
0 
3 1819 2604 5402 
0 
2 7525 9861 
0 
3 505 1017 5025 
1 3019 
1 2180 
1 1785 
1 8738 
1 6177 
1 4412 
0 
2 980 4993 
1 608 
1 6693 
0 
1 519 
2 2874 9325 
1 4040 
0 
1 6854 
1 1486 
3 859 2672 4498 
3 3205 4541 6888 
0 
0 
1 5703 
1 2198 
2 2881 6510 
1 7785 
0 
0 
1 9016 
0 
1 4282 
1 60 
1 1004 
2 4901 8355 
0 
1 5155 
1 6800 
1 8138 
2 8122 9215 
1 2493 
1 295 
2 1617 7147 
2 7807 9102 
0 
0 
3 837 1263 4828 
0 
1 2076 
1 376 
0 
2 5417 7037 
3 700 5961 6361 
2 2234 2463 
0 
0 
1 9697 
1 9283 
1 9320 
2 2549 7258 
3 699 3129 4916 
2 3509 3706 
0 
0 
1 3179 
1 7325 
0 
2 5042 7854 
0 
3 1437 7120 9734 
1 3236 
1 2892 
3 380 1389 5784 
1 1166 
3 4801 8685 9736 
1 5677 
0 
0 
3 1474 3987 3989 
0 
1 2688 
0 
1 7005 
2 767 9001 
0 
2 1585 4694 
4 339 376 4874 6148 
0 
0 
1 9214 
1 687 
0 
4 4102 5238 6122 7946 
1 3197 
2 7295 8044 
0 
0 
0 
1 7964 
1 3890 
3 2092 3371 4559 
0 
0 
0 
1 7650 
0 
0 
0 
0 
0 
1 1376 
1 8176 
0 
1 3266 
1 7267 
0 
0 
3 1802 2685 8609 
1 9879 
0 
0 
1 8672 
0 
1 3941 
0 
0 
0 
1 9947 
1 8226 
0 
0 
1 940 
1 1252 
0 
1 3838 
0 
0 
0 
1 4260 
0 
0 
3 5976 6953 7043 
0 
0 
2 3422 4238 
0 
1 2141 
0 
0 
0 
2 199 9529 
0 
1 6861 
1 2679 
2 7395 7797 
3 1405 1524 5778 
3 3164 4049 7260 
1 5506 
1 6273 
0 
2 2290 9313 
1 5281 
2 6206 7879 
1 2254 
1 6848 
1 9565 
1 2938 
2 199 6644 
1 7301 
1 3938 
1 3360 
2 2838 2994 
1 4623 
0 
1 6595 
0 
1 4673 
0 
3 1781 4228 9700 
2 7533 9372 
2 2735 7137 
0 
1 7234 
1 4540 
1 9481 
0 
1 1063 
1 2682 
2 5966 8818 
1 7192 
1 9611 
1 1622 
1 8988 
0 
0 
0 
2 6929 8786 
0 
1 6139 
1 8631 
0 
0 
1 1552 
1 6013 
0 
2 941 1788 
0 
2 418 2087 
1 2261 
1 3302 
3 3963 4123 9326 
2 751 9568 
1 8379 
0 
1 3235 
0 
0 
3 1420 3148 7172 
3 4842 5956 9960 
3 1690 4913 9991 
0 
1 8996 
1 8079 
1 7246 
1 8593 
0 
1 7024 
0 
3 301 1229 9806 
1 9496 
0 
0 
1 6297 
1 2393 
1 6185 
2 5384 8669 
0 
0 
2 3983 6712 
2 5016 9732 
1 2736 
0 
0 
2 7331 9011 
0 
2 5873 9071 
1 3394 
1 7143 
3 718 7840 8978 
0 
0 
2 271 8559 
0 
2 7321 8913 
0 
1 9076 
1 4787 
1 841 
5 616 2800 5560 6829 8925 
0 
0 
0 
1 1108 
0 
2 1350 6997 
2 3269 3816 
2 5882 6014 
4 1716 2148 4602 6676 
0 
1 928 
0 
0 
0 
0 
2 2682 8880 
3 1508 2701 6305 
2 2530 5760 
1 6040 
3 1087 6199 6389 
1 4916 
0 
1 5393 
1 994 
2 5243 8604 
1 1413 
0 
1 7515 
1 1997 
2 1580 8693 
2 1424 8781 
2 1549 8278 
1 3049 
1 3470 
3 627 2842 3590 
0 
1 77 
2 8096 8112 
1 7767 
1 4713 
0 
0 
2 6874 9612 
3 5724 6959 9671 
2 1504 1811 
2 3204 3797 
0 
1 4752 
1 7790 
1 2558 
0 
5 710 3136 4849 5532 8833 
3 358 1525 9126 
0 
1 8813 
2 8310 9517 
1 6639 
1 2118 
2 6553 7232 
0 
2 2378 8372 
0 
0 
2 6039 6959 
1 3334 
0 
1 2709 
1 4773 
0 
2 308 3729 
0 
1 6317 
0 
1 4481 
0 
0 
0 
0 
3 1386 5747 7817 
1 429 
0 
2 651 6990 
0 
2 3974 6697 
1 770 
0 
0 
1 3440 
1 3179 
0 
0 
0 
2 390 2499 
0 
0 
2 5586 6045 
0 
3 6326 6534 7718 
1 6436 
0 
0 
1 8313 
0 
2 4397 9516 
2 6948 9328 
0 
2 1280 4993 
2 758 4416 
1 9998 
1 3203 
1 7047 
1 7542 
3 3042 4070 5550 
0 
1 2203 
0 
3 793 3893 8042 
2 117 2606 
0 
0 
1 2963 
1 8138 
1 291 
0 
0 
1 3615 
0 
2 5516 6908 
1 2074 
1 364 
2 4137 4184 
0 
4 1000 1454 3113 9811 
0 
0 
0 
1 2209 
0 
0 
1 225 
0 
0 
0 
1 3914 
2 3948 6912 
0 
1 3128 
1 5336 
1 977 
0 
5 2377 2788 2812 5080 9383 
0 
1 2166 
2 1929 5848 
1 6208 
1 6503 
2 4154 6239 
1 4327 
0 
1 9998 
0 
0 
1 5151 
0 
0 
1 1390 
0 
3 886 1171 2447 
2 5994 6321 
1 9831 
1 6004 
0 
3 633 687 2705 
2 1956 5131 
0 
0 
1 1793 
0 
1 7364 
1 4703 
1 7915 
0 
1 4137 
0 
1 9642 
2 1882 8725 
1 1157 
0 
1 7077 
0 
0 
2 1827 8403 
2 806 8033 
0 
0 
1 3646 
3 3062 3241 7257 
1 7745 
2 623 3807 
1 822 
0 
1 8829 
2 5367 5457 
1 2719 
0 
2 1972 7448 
1 9142 
2 2101 2295 
0 
0 
2 260 1417 
2 1884 2234 
1 9088 
0 
0 
0 
1 9849 
0 
4 97 3993 4136 8482 
1 154 
1 3340 
2 1007 2621 
1 8624 
4 1690 4563 5989 9888 
0 
1 1967 
1 1135 
0 
2 5915 6323 
0 
1 9989 
0 
1 3846 
0 
2 1137 3939 
1 6494 
4 2326 4982 5010 7043 
1 924 
0 
0 
0 
1 5441 
1 5156 
0 
0 
1 5863 
0 
0 
2 5687 9385 
1 2804 
0 
0 
0 
0 
2 5336 8167 
0 
0 
2 550 9991 
2 383 6511 
0 
2 2966 5430 
1 2574 
2 7838 9315 
0 
1 5317 
0 
1 7062 
2 7902 9788 
2 3487 5103 
1 1391 
0 
0 
0 
1 4653 
1 9338 
0 
2 1975 9880 
0 
0 
2 3819 9993 
1 8770 
1 227 
1 5329 
0 
1 1170 
0 
4 174 4854 5585 8862 
1 4403 
2 5273 8913 
2 4564 5150 
1 6871 
0 
0 
2 5270 9823 
0 
4 3604 5594 5766 9951 
2 2153 9309 
0 
1 3110 
2 2401 8926 
1 5232 
0 
1 1694 
2 5553 6051 
3 2866 3139 9989 
2 133 2726 
1 2109 
1 728 
1 627 
0 
0 
2 3090 4054 
1 3827 
3 7182 8847 8913 
1 3339 
2 6223 6270 
0 
0 
2 753 2462 
1 8032 
1 4722 
0 
0 
1 9701 
2 1621 8070 
2 3678 8704 
2 8552 8652 
3 5249 6824 8390 
2 7065 8773 
0 
2 360 1889 
1 4819 
0 
0 
0 
0 
3 5269 8613 9447 
1 7961 
0 
0 
3 1013 4835 9851 
3 2025 3628 9892 
0 
0 
0 
0 
2 1726 6130 
1 6403 
1 9769 
1 4290 
0 
0 
0 
0 
1 9995 
1 2899 
1 6338 
0 
2 6581 9307 
1 4701 
0 
0 
1 2713 
1 4651 
1 5063 
0 
2 2764 6446 
1 2120 
1 693 
0 
0 
0 
0 
1 2136 
4 2097 3493 6849 8296 
2 2650 9332 
3 2547 4353 7023 
1 881 
1 6331 
1 2198 
0 
3 7434 7779 8308 
1 5598 
0 
1 1480 
2 2868 8499 
2 1498 2405 
0 
0 
0 
3 603 6203 6488 
0 
2 3690 6100 
1 9787 
1 5797 
0 
0 
0 
0 
0 
1 7767 
3 2207 5290 8559 
0 
1 443 
0 
1 5664 
2 54 3348 
0 
1 7534 
0 
1 2186 
2 7923 9488 
0 
0 
2 3881 4261 
1 4186 
2 451 5962 
2 1759 4664 
2 2422 4750 
2 6570 9921 
1 4075 
0 
2 970 1396 
0 
0 
0 
0 
0 
0 
1 2363 
2 7375 7737 
0 
0 
1 5321 
0 
1 4954 
0 
0 
0 
1 9956 
0 
1 4547 
1 7718 
1 3354 
0 
1 5352 
2 2310 3836 
3 5514 6435 7963 
2 4363 7104 
2 887 1998 
0 
2 1547 6644 
3 212 3400 8456 
3 7385 9589 9592 
0 
0 
0 
0 
0 
1 8582 
3 399 3577 7232 
0 
2 1471 8235 
0 
1 252 
1 4647 
0 
1 6133 
0 
1 403 
1 7121 
2 948 7982 
1 8707 
0 
0 
0 
3 318 4686 6908 
1 1048 
1 4288 
3 4286 4366 8097 
4 629 1489 7415 9469 
3 57 5795 6333 
1 3946 
0 
1 2883 
0 
4 2109 4714 5023 9363 
0 
0 
0 
0 
2 2335 3391 
2 5638 8846 
0 
2 8488 8540 
1 2495 
0 
1 3487 
1 2699 
1 9398 
2 2838 5500 
1 7599 
3 1838 3323 4622 
3 1667 4068 7326 
1 3095 
0 
2 2981 8913 
0 
0 
0 
0 
0 
0 
1 3667 
2 3497 9198 
0 
0 
1 7145 
1 3835 
1 8968 
1 2706 
0 
1 5679 
0 
2 1001 5931 
0 
0 
1 5073 
1 2702 
1 9313 
1 1244 
1 5930 
0 
0 
0 
5 114 781 1125 3510 9849 
5 1556 1608 3780 8029 9736 
0 
0 
1 5876 
0 
1 180 
2 4262 7240 
0 
1 2542 
2 3171 4684 
3 1587 2823 7903 
0 
3 3154 4420 4594 
0 
0 
0 
1 623 
1 5990 
1 1006 
1 3881 
3 763 6229 9743 
1 2120 
2 2893 6729 
0 
0 
1 297 
1 2331 
1 3644 
0 
2 2590 7604 
1 7883 
1 8913 
2 1175 8147 
0 
2 2197 7919 
1 4780 
0 
0 
0 
3 2113 2192 4462 
0 
1 732 
3 4202 7517 9413 
1 6962 
0 
0 
1 7907 
3 1553 4020 9432 
1 1621 
1 9635 
2 1886 7748 
0 
1 4389 
1 815 
2 2874 5085 
1 2825 
1 8127 
0 
1 6141 
0 
1 8731 
0 
2 284 1599 
1 4283 
0 
0 
2 4642 8596 
2 1377 2154 
1 9070 
1 396 
2 4003 9740 
2 2007 2396 
1 3627 
3 974 5264 7170 
1 6848 
0 
2 1391 5360 
1 6859 
0 
0 
2 1502 3998 
2 2327 9672 
1 5313 
0 
2 276 2121 
0 
0 
0 
1 7674 
0 
3 2048 5193 7784 
1 7176 
1 4634 
0 
1 1690 
2 689 2784 
0 
1 8602 
2 3372 5038 
0 
1 2966 
2 3978 8024 
2 509 8915 
1 5492 
0 
3 91 1958 6528 
0 
0 
3 1393 3935 5167 
1 7808 
2 4857 9161 
0 
3 3652 4136 6305 
0 
0 
2 275 2242 
0 
0 
0 
3 1664 2604 9187 
0 
1 975 
0 
1 6556 
0 
2 225 5250 
2 9572 9587 
1 591 
2 6645 8433 
1 1210 
0 
1 5832 
2 4004 6175 
1 1647 
2 472 6890 
1 265 
2 1383 2790 
1 6882 
1 3435 
2 222 2605 
0 
3 4068 8944 9613 
1 8711 
0 
1 9282 
1 1516 
0 
0 
0 
0 
0 
2 286 7974 
1 864 
1 2848 
0 
1 8802 
3 598 2120 7873 
1 1983 
0 
4 2278 5215 6727 7656 
1 7529 
0 
2 1736 4953 
2 3962 5877 
0 
0 
0 
2 7009 8593 
0 
1 7453 
2 2464 4062 
1 7172 
0 
0 
1 3656 
2 3808 5223 
0 
0 
0 
0 
0 
0 
0 
1 8720 
1 560 
1 2624 
0 
4 395 3887 5460 9634 
0 
4 3058 5349 8374 9977 
1 5023 
1 5056 
0 
1 523 
2 1335 5539 
1 2097 
3 265 3032 9675 
1 7661 
1 1188 
1 8152 
2 5089 9011 
2 1250 2525 
0 
0 
1 8431 
1 9548 
1 7300 
1 1500 
1 3759 
1 8358 
0 
0 
1 8229 
1 1703 
1 411 
1 2344 
2 1977 5884 
1 5533 
1 3444 
0 
0 
0 
0 
3 4778 5022 7374 
1 7816 
0 
1 4678 
0 
0 
1 5601 
2 4483 4672 
0 
1 9693 
0 
0 
0 
0 
1 3516 
1 5781 
1 7374 
1 9240 
1 3306 
0 
1 5229 
1 317 
0 
3 746 3405 6959 
1 5637 
5 86 1870 1884 2337 4259 
1 7117 
1 7014 
0 
2 2508 4018 
1 152 
1 7929 
0 
2 186 2080 
2 2030 6796 
0 
0 
1 6698 
1 8982 
1 399 
2 1930 6592 
0 
4 1268 3474 7116 7458 
1 6919 
1 6141 
1 3282 
0 
0 
2 1574 6985 
2 2803 8851 
0 
1 7905 
1 3001 
2 6135 6666 
1 1342 
0 
2 8072 9857 
0 
1 3490 
0 
0 
0 
1 6246 
0 
1 351 
1 8294 
1 2629 
0 
2 9051 9845 
0 
1 2755 
2 2202 7591 
3 1092 2480 4904 
1 5685 
2 5576 9682 
1 5251 
2 4123 9446 
1 9480 
0 
2 2609 6696 
2 5855 7189 
0 
3 967 1386 5847 
1 8885 
1 6160 
1 5483 
0 
3 1373 3697 5857 
1 6700 
2 3571 4088 
0 
1 2186 
1 9782 
0 
1 5226 
1 6807 
1 5952 
1 4934 
1 5001 
0 
2 2770 6653 
0 
0 
0 
3 1418 5198 8558 
0 
1 2768 
1 3947 
2 826 8388 
1 5900 
0 
1 6255 
0 
1 1149 
1 5437 
3 5149 5934 6424 
0 
0 
0 
1 1395 
2 2490 8695 
0 
0 
1 9972 
1 6452 
0 
1 8807 
3 49 3035 6012 
1 6980 
0 
1 7206 
0 
0 
2 3740 8085 
1 1810 
2 1219 2851 
2 3942 8552 
1 2450 
2 6745 8995 
2 3624 7799 
2 2829 9161 
0 
2 1485 4991 
1 8532 
3 1172 1451 2944 
1 2659 
1 6150 
0 
1 2883 
1 8348 
0 
0 
1 6812 
0 
2 3555 4297 
2 5517 9584 
0 
2 5379 6560 
0 
0 
1 3348 
1 2323 
1 5017 
2 3080 3384 
1 6060 
0 
0 
0 
0 
0 
0 
0 
0 
1 5352 
1 4400 
0 
0 
0 
2 266 1677 
0 
3 761 3337 4901 
1 3890 
3 1614 2086 7368 
0 
1 3584 
0 
1 8806 
0 
3 2202 6966 9150 
0 
2 3143 3871 
2 4252 5567 
0 
0 
3 3481 6602 9124 
0 
2 5221 9041 
1 6667 
1 8161 
1 2540 
2 5755 7711 
0 
1 749 
0 
2 161 3247 
1 4001 
1 1943 
0 
2 5789 6157 
0 
1 8791 
0 
1 7718 
0 
2 7392 8921 
0 
0 
3 396 7438 9924 
2 986 5189 
2 2393 9677 
0 
0 
1 9644 
1 6995 
1 4596 
1 6576 
0 
1 4039 
1 8609 
0 
1 475 
3 4788 5329 5670 
4 568 3431 4115 9555 
2 2344 4605 
1 9655 
0 
1 8708 
0 
0 
1 4705 
0 
0 
0 
1 7018 
0 
1 1462 
1 6153 
1 2146 
0 
2 2280 3600 
0 
2 872 8678 
2 5358 8245 
1 1504 
0 
3 1415 3126 3754 
1 4630 
2 484 5835 
1 600 
4 364 3974 5582 7112 
4 4049 5031 6208 6590 
2 455 8560 
1 8082 
1 2027 
2 4295 9277 
2 990 8971 
0 
0 
0 
1 9739 
1 6032 
0 
1 4757 
0 
0 
2 3311 9033 
1 7397 
1 9686 
1 8062 
2 2819 4522 
0 
1 5739 
2 2333 3579 
2 4118 7290 
1 6512 
1 4236 
1 8627 
2 6470 9612 
1 638 
1 2246 
0 
1 2668 
1 8204 
0 
2 4781 7664 
1 5963 
1 3782 
0 
0 
0 
0 
1 3185 
1 2192 
0 
1 6488 
1 5514 
1 6606 
1 7528 
0 
1 3136 
0 
1 5514 
0 
0 
2 4649 5194 
1 734 
1 420 
3 6050 6509 9257 
4 2114 5366 6000 9526 
0 
2 6601 6625 
0 
3 779 4771 4977 
0 
0 
1 2161 
0 
1 765 
2 1093 6388 
0 
1 5898 
0 
1 6526 
0 
0 
2 2780 8077 
0 
2 8001 8786 
0 
0 
0 
1 6437 
1 504 
0 
0 
0 
0 
0 
1 9848 
0 
3 3569 4749 5149 
2 2891 3311 
1 8821 
0 
2 6582 8803 
1 1206 
2 29 2897 
2 3645 6028 
1 9921 
1 3639 
2 4957 7789 
1 3765 
1 2579 
1 396 
3 8774 9543 9893 
1 5884 
2 364 3847 
2 1358 9117 
0 
3 4597 6347 9797 
0 
1 4717 
1 4541 
0 
1 577 
1 2458 
0 
2 4406 8634 
0 
1 9048 
1 2565 
2 808 9210 
2 434 3984 
1 8763 
4 691 1776 8611 8996 
1 6964 
3 4971 6084 7555 
0 
2 6611 9113 
2 1231 1844 
0 
0 
1 7831 
0 
1 8950 
2 2754 4965 
0 
2 6374 9657 
1 99 
1 9554 
2 295 4851 
2 6639 8798 
1 6230 
1 7722 
2 3916 5975 
1 5054 
0 
0 
0 
0 
2 1439 3102 
1 6964 
0 
2 147 4390 
1 1743 
0 
0 
0 
3 747 1924 6234 
1 3882 
0 
0 
0 
0 
0 
3 1655 1882 6610 
0 
1 6325 
0 
0 
0 
1 2804 
0 
1 925 
0 
1 402 
1 8239 
2 425 935 
1 2535 
3 2385 4010 4361 
1 6086 
0 
1 3855 
1 1829 
2 6440 7831 
2 6928 9648 
2 2629 9749 
0 
1 3794 
0 
0 
0 
3 4473 9506 9507 
0 
1 97 
0 
3 4228 7663 8232 
2 3593 9214 
0 
0 
0 
2 2366 5560 
1 8200 
2 7329 7738 
2 2052 8357 
0 
0 
1 1888 
0 
0 
0 
2 1587 4362 
0 
3 221 1975 9740 
1 4195 
3 1584 4612 5681 
0 
1 2273 
0 
1 4058 
1 2744 
2 471 4603 
0 
2 1531 4745 
2 300 2696 
0 
2 7796 9503 
1 9982 
3 100 384 9043 
2 650 2905 
0 
1 4074 
0 
1 8928 
1 6354 
0 
0 
2 7302 8040 
0 
0 
1 7939 
1 1767 
1 4046 
0 
0 
1 4926 
2 3515 7970 
0 
1 7361 
1 4649 
5 777 3394 4515 4747 8774 
1 5906 
0 
3 1371 7195 8324 
0 
3 5406 5436 8480 
0 
3 5998 7673 9427 
1 2807 
0 
1 3643 
3 297 1782 6470 
0 
0 
1 9144 
1 274 
2 362 6755 
1 6783 
3 1078 7559 8881 
0 
0 
3 1882 6858 8382 
1 4690 
2 1561 9953 
3 1899 2462 6922 
1 7277 
1 5090 
0 
2 5627 8473 
1 626 
0 
4 820 4260 4727 6347 
0 
0 
0 
2 1056 4671 
2 3401 4167 
1 9372 
1 520 
1 9191 
1 4007 
1 4343 
3 4245 6916 7024 
0 
1 6677 
2 4438 5160 
1 7663 
0 
1 3781 
2 5508 9359 
1 6043 
1 1088 
2 1220 4410 
5 3080 4868 5244 5247 9252 
0 
0 
1 968 
0 
1 8866 
2 3994 4421 
0 
0 
1 3105 
2 4868 7313 
2 1027 9901 
1 5928 
1 7199 
1 3571 
2 2985 3868 
2 2443 5661 
5 846 3913 5774 5974 8973 
0 
3 3659 5793 8347 
1 6366 
0 
1 9272 
1 1959 
2 2245 3688 
3 1297 1633 9625 
1 7152 
2 1526 4776 
0 
1 3346 
0 
0 
0 
2 1181 5728 
3 3977 6975 7366 
0 
4 1771 3275 6317 8216 
2 303 3534 
2 930 2548 
1 4089 
0 
2 3120 4039 
2 3417 5246 
0 
1 4420 
1 7662 
0 
2 516 6337 
1 7809 
1 8332 
1 9714 
0 
4 1438 4602 8015 9118 
3 2222 6271 8976 
1 5459 
0 
2 5689 8834 
2 1594 3234 
1 1330 
1 5585 
0 
1 8056 
2 3741 4092 
1 6677 
1 3385 
0 
5 2489 3791 5582 6578 7522 
1 3823 
1 1063 
0 
4 6935 8782 8855 9753 
0 
2 7933 9472 
2 2866 4080 
1 6056 
1 7039 
1 637 
2 954 8764 
1 7069 
1 7083 
1 2694 
1 1900 
0 
1 2947 
0 
0 
0 
1 9614 
0 
0 
1 44 
0 
0 
0 
2 4149 4607 
0 
0 
0 
2 5438 5676 
1 6252 
0 
0 
1 4175 
1 4458 
2 373 8479 
3 3375 3801 8736 
2 2350 3213 
0 
1 2904 
0 
2 3058 9981 
1 7617 
1 9516 
2 8773 9727 
3 2802 7665 8772 
4 4045 8460 8606 8900 
0 
0 
0 
0 
2 327 3564 
1 9729 
3 986 1173 7367 
3 8729 9162 9269 
0 
1 759 
1 5521 
3 4740 7274 8433 
0 
0 
2 927 3224 
1 9561 
2 1428 8306 
1 4720 
0 
1 4212 
1 4061 
1 5478 
0 
3 2104 5107 8497 
2 6890 9970 
1 3313 
0 
2 2079 8028 
1 8450 
2 2067 5132 
1 1199 
1 8282 
2 817 8222 
0 
0 
2 8920 9665 
2 5516 5694 
0 
1 7391 
2 1962 3098 
0 
1 9007 
1 250 
2 6043 7266 
1 4383 
0 
3 5480 8448 9906 
1 4897 
1 3330 
2 143 9698 
2 2412 9425 
1 1877 
0 
2 3327 5795 
1 7538 
0 
0 
0 
1 7388 
3 6986 8715 9399 
0 
1 4888 
2 1559 9836 
1 9254 
0 
0 
0 
1 2743 
1 5629 
1 2282 
0 
2 3806 7829 
1 7650 
1 4153 
2 223 1521 
1 3379 
2 1370 8145 
2 988 9930 
2 3485 5273 
0 
1 8729 
0 
0 
2 4419 9590 
0 
0 
1 9892 
2 4643 7623 
0 
0 
0 
2 1924 8664 
0 
2 2639 3134 
1 1441 
0 
1 5784 
1 9108 
1 8899 
0 
0 
2 1068 3178 
3 343 2520 2730 
1 4419 
0 
1 7352 
1 8624 
0 
0 
0 
1 8179 
2 1597 2881 
5 1754 2314 3645 4272 9243 
0 
1 213 
2 6693 8994 
0 
2 6151 9657 
5 1218 1516 3322 4672 9568 
0 
0 
1 2218 
0 
1 9286 
1 8873 
4 2577 4064 6238 8774 
0 
2 5823 6838 
3 5152 5586 5664 
1 1828 
0 
1 6500 
0 
0 
1 9827 
2 1327 4295 
0 
1 2009 
5 7331 7625 7650 7843 7904 
1 746 
2 103 7975 
2 1931 9905 
2 1473 1530 
0 
0 
1 8810 
1 8310 
0 
0 
0 
2 3063 7336 
1 7636 
1 6932 
2 3026 8589 
0 
0 
0 
2 14 9810 
0 
0 
0 
1 726 
0 
1 4945 
2 954 4141 
1 723 
1 4932 
1 9080 
0 
1 8014 
2 2007 5401 
0 
2 237 6400 
0 
0 
2 709 8490 
0 
0 
1 955 
0 
1 567 
0 
0 
1 2972 
0 
2 3063 9476 
1 6879 
1 4582 
0 
0 
1 6802 
2 856 6529 
1 5058 
2 3266 7856 
1 2417 
0 
3 763 6852 8361 
0 
2 958 8676 
4 828 1423 1663 5994 
0 
1 8712 
2 1735 3530 
3 1958 4716 7326 
0 
3 1244 3055 6538 
0 
2 5122 8134 
2 4445 6957 
0 
2 1890 2021 
0 
0 
1 7270 
0 
0 
0 
2 213 3429 
0 
3 1198 6826 8890 
2 3113 8234 
3 70 7299 8480 
0 
1 180 
1 7025 
0 
2 3460 7161 
1 4172 
0 
0 
1 9340 
1 5154 
1 8816 
0 
1 4190 
0 
2 7321 8073 
2 3804 4082 
1 2361 
0 
1 5971 
2 7107 9690 
3 1332 4921 9824 
1 5966 
1 4558 
1 2524 
2 1228 9420 
1 102 
0 
1 6252 
2 294 2453 
0 
1 838 
1 2529 
2 3671 6944 
0 
0 
2 445 3896 
4 507 1156 8371 9412 
0 
1 9055 
1 9636 
2 1788 9994 
1 1847 
1 3804 
0 
1 8292 
0 
1 8584 
1 1876 
1 6855 
0 
3 3782 6146 9585 
3 6493 8475 9927 
2 2832 5749 
0 
2 1359 8164 
3 1619 5275 9175 
1 5040 
1 9459 
1 9035 
0 
1 3391 
0 
2 2127 3939 
2 964 9194 
0 
3 366 1376 2878 
1 3183 
2 694 1408 
0 
0 
0 
2 6720 9262 
1 2456 
1 7941 
3 799 3263 7323 
0 
1 9652 
1 3239 
2 4012 9632 
3 6135 6279 7333 
1 1913 
1 9482 
0 
4 3130 5430 5494 8942 
0 
1 3659 
1 167 
0 
0 
1 6864 
0 
2 2879 7549 
1 4920 
0 
4 321 781 1387 5741 
0 
0 
0 
1 2649 
0 
1 9602 
1 4829 
3 67 4182 5645 
1 3528 
0 
2 3467 7121 
1 5597 
0 
1 2545 
0 
1 3527 
2 2862 8872 
1 2491 
1 2431 
1 57 
1 6760 
1 8484 
0 
2 80 6803 
0 
2 6266 8463 
2 6185 8711 
0 
2 2866 4391 
1 5089 
0 
1 2736 
2 4163 8290 
0 
1 7389 
1 5740 
1 4620 
2 6091 9527 
0 
0 
0 
1 6035 
2 2730 5787 
0 
2 1338 4867 
0 
3 6308 6885 9706 
1 9510 
1 3926 
0 
1 7543 
1 2640 
1 8620 
0 
0 
0 
0 
2 3669 5072 
2 5809 8284 
1 6044 
0 
0 
0 
0 
2 2377 9301 
0 
0 
0 
2 4032 6314 
3 3977 7983 8236 
2 1376 8782 
0 
2 2671 3474 
0 
0 
2 6248 9652 
0 
1 2902 
1 6325 
3 1431 2558 4991 
1 600 
2 6266 6939 
0 
2 2540 9052 
0 
1 1952 
4 5472 5686 5700 9600 
1 3154 
1 4514 
0 
2 4106 5799 
2 1806 3941 
0 
0 
0 
2 3142 7992 
1 1276 
0 
0 
3 789 4703 8645 
2 3238 6632 
0 
1 9060 
1 889 
1 4949 
0 
2 1192 7851 
0 
0 
3 1540 1805 4666 
1 1126 
1 9287 
1 6819 
2 1409 2188 
2 477 1810 
1 3984 
2 4215 9424 
0 
3 5478 7067 8477 
2 1775 5292 
0 
0 
2 7167 8553 
2 6161 7117 
0 
1 436 
1 3293 
0 
2 1208 9303 
2 1865 3529 
2 4412 9876 
1 9511 
0 
0 
1 7068 
0 
0 
0 
0 
1 2094 
1 9375 
0 
1 6431 
1 271 
0 
0 
0 
1 6214 
3 3382 3673 8113 
0 
1 2323 
1 8887 
0 
2 1257 5743 
0 
2 1135 6707 
0 
0 
1 5639 
0 
4 1455 2138 2566 8659 
2 956 4717 
1 8838 
0 
2 419 9910 
1 8413 
0 
0 
0 
0 
3 312 6683 9068 
0 
1 4404 
0 
0 
0 
0 
2 8782 9840 
0 
1 4240 
1 8681 
4 547 1984 3344 5907 
0 
1 3027 
1 2572 
2 1486 8360 
0 
0 
2 3614 6005 
1 4478 
4 1012 5113 8017 9752 
2 3923 7135 
1 1436 
1 2791 
3 4597 8898 9703 
2 4727 9203 
0 
1 3943 
1 6807 
0 
3 1251 3445 4944 
0 
1 9416 
1 419 
0 
1 9985 
1 9703 
2 1156 6166 
0 
1 9156 
1 491 
1 9220 
1 3809 
0 
0 
1 7695 
1 744 
1 7633 
2 498 5455 
1 5550 
1 3480 
2 7238 7866 
1 5694 
3 2347 3465 7599 
0 
1 2190 
1 5469 
0 
1 7136 
1 5060 
2 1063 3925 
0 
0 
3 1741 5678 7092 
4 1582 3146 5782 7288 
1 3189 
1 7441 
1 3790 
0 
0 
1 7712 
0 
0 
0 
1 2954 
0 
2 7611 9665 
1 2682 
3 336 1984 9005 
1 5957 
1 9520 
0 
0 
0 
1 1249 
2 5671 6983 
1 2102 
1 5782 
1 5306 
4 1284 1805 5268 5351 
1 2761 
1 6584 
0 
0 
1 548 
1 4472 
1 9569 
3 3391 6209 8655 
0 
3 2203 3474 5567 
1 9929 
3 3675 7823 9859 
1 3618 
0 
1 4205 
0 
1 7014 
1 7002 
0 
1 2744 
3 7257 8643 9712 
0 
1 1736 
1 9232 
0 
0 
2 3673 5526 
3 4854 5771 9586 
1 275 
0 
0 
1 7487 
1 772 
1 7585 
0 
0 
2 4677 6239 
1 4945 
1 2210 
0 
0 
1 1387 
0 
2 20 3774 
1 2854 
0 
2 5961 7836 
1 8834 
3 214 3474 4491 
0 
2 697 3591 
0 
1 1025 
1 5264 
0 
2 5650 6437 
0 
0 
1 5931 
2 4576 6808 
1 9033 
5 5676 6149 6751 7915 9547 
0 
1 4747 
1 9294 
1 6436 
0 
1 2610 
1 9021 
1 6240 
0 
0 
2 6341 9208 
3 470 3018 8825 
1 4740 
2 4213 8613 
0 
0 
2 1076 3399 
1 688 
2 1909 7920 
3 1237 3316 6994 
1 314 
0 
0 
0 
1 2428 
0 
1 6296 
1 9508 
0 
1 2853 
1 487 
0 
1 8172 
2 6209 7673 
1 4453 
3 2714 2971 4321 
1 9501 
0 
0 
1 5437 
0 
1 9674 
1 1584 
1 5031 
1 5751 
3 3981 9054 9711 
0 
3 3938 4285 5671 
1 2968 
1 5875 
2 269 6977 
0 
2 5051 5661 
0 
0 
3 141 1707 7817 
1 2750 
1 739 
2 4533 8731 
0 
1 5772 
1 5060 
1 8960 
0 
1 2457 
2 3491 5425 
1 8173 
1 7262 
2 6312 9078 
1 7015 
2 3312 4110 
1 9927 
0 
2 977 6037 
3 505 4644 7748 
0 
1 1755 
0 
0 
0 
0 
0 
1 7307 
0 
1 1280 
1 1978 
0 
3 3680 4388 9450 
0 
4 1346 1927 4892 8582 
0 
1 109 
3 2133 6118 8548 
3 589 6763 8548 
1 9441 
1 2351 
3 2124 4908 9139 
2 6618 9223 
2 2223 4808 
1 2905 
1 9856 
1 4020 
2 7440 8771 
1 7392 
1 2866 
2 981 4428 
1 9342 
1 2009 
0 
2 4647 6122 
2 1675 5731 
0 
1 8414 
1 9129 
0 
1 7228 
0 
0 
0 
1 2755 
2 3360 9899 
0 
2 3715 9862 
2 2827 3195 
2 4855 6928 
0 
0 
0 
0 
1 8460 
2 3446 9802 
2 1271 4081 
0 
3 4217 9413 9818 
2 4428 8078 
0 
1 4723 
0 
0 
0 
3 2792 4440 8495 
3 637 6998 8328 
1 1872 
0 
2 760 1349 
1 3457 
1 3195 
2 2600 8790 
0 
2 3918 4964 
0 
2 2188 7243 
4 39 2890 6083 6277 
0 
2 7289 8893 
1 9358 
0 
1 9940 
1 7999 
1 2180 
0 
0 
0 
0 
1 2169 
1 3746 
1 4679 
1 9887 
1 2556 
0 
1 8251 
2 3576 9047 
1 9379 
3 282 2511 7999 
1 6503 
1 7790 
1 8858 
2 1751 3748 
2 5669 7790 
0 
2 639 5041 
0 
2 2968 6102 
1 4065 
1 1352 
0 
1 9178 
0 
1 9097 
1 6399 
0 
0 
2 1490 3541 
0 
0 
1 2149 
0 
1 7268 
3 1089 7379 8383 
1 8014 
1 8746 
0 
1 4971 
0 
0 
0 
0 
0 
1 315 
0 
1 1905 
2 8684 9808 
1 4381 
0 
0 
1 6837 
0 
1 6593 
1 9075 
1 5048 
3 4706 5961 8060 
1 7922 
2 3998 9036 
0 
0 
1 5121 
0 
1 1989 
2 898 7521 
2 9719 9907 
1 8318 
1 9975 
0 
1 3006 
1 8541 
0 
0 
2 3015 6277 
2 9073 9167 
1 3813 
0 
3 576 4568 8330 
0 
4 3214 5522 8493 8892 
0 
1 3088 
0 
1 5245 
0 
0 
2 5258 5464 
3 389 8810 9338 
0 
2 1714 2320 
0 
2 1922 3136 
0 
2 3352 7380 
2 2831 7954 
1 9774 
1 9455 
2 6840 8069 
0 
1 8315 
1 5596 
1 5396 
1 2669 
3 1478 1506 1893 
1 8170 
1 1128 
0 
0 
1 8373 
1 1162 
2 5979 6337 
1 3086 
2 2163 9016 
0 
1 5530 
2 5778 8105 
1 5566 
0 
0 
3 5355 6180 7134 
3 234 2720 8824 
0 
2 3926 7256 
2 101 7660 
0 
2 9286 9298 
1 17 
0 
2 3180 9138 
1 2784 
0 
0 
2 3230 3657 
3 1044 4830 9459 
1 9372 
1 5531 
2 799 8709 
0 
1 5196 
0 
0 
2 5526 9643 
2 4060 6573 
1 5515 
1 4919 
0 
0 
0 
0 
3 606 1927 8772 
0 
3 1495 3275 8780 
0 
1 3002 
1 7317 
1 3610 
1 7147 
2 1740 9905 
3 1885 7152 7873 
2 1368 1675 
1 3977 
3 2373 6671 8365 
2 7943 8569 
1 2213 
0 
1 7893 
1 6974 
2 55 9895 
0 
0 
1 6188 
3 3924 6743 8542 
1 6812 
1 2700 
2 2887 9282 
2 3922 8729 
1 5879 
0 
1 5161 
1 4501 
0 
1 2227 
4 985 1639 5535 6232 
0 
1 59 
1 6173 
0 
0 
1 6902 
2 4674 5800 
2 4817 5628 
1 7685 
1 6209 
1 4881 
1 6178 
0 
1 9673 
0 
0 
1 1499 
1 2105 
0 
1 6724 
0 
1 8188 
1 2976 
0 
0 
0 
3 175 2615 7730 
1 7604 
3 2374 4661 5995 
2 4713 5873 
0 
2 58 1095 
0 
0 
2 4563 5029 
1 4843 
2 534 8465 
1 4586 
0 
1 322 
1 1658 
3 6018 6303 9544 
1 2553 
2 190 3686 
2 4889 5559 
2 3351 7306 
0 
1 9625 
0 
2 4164 8932 
3 1780 4727 7469 
0 
1 1658 
1 4039 
3 1535 2721 4066 
0 
1 191 
1 9547 
2 991 2806 
1 1418 
1 6291 
1 684 
1 7630 
3 1900 6134 9017 
2 1306 2842 
2 531 1108 
2 7047 8909 
1 1866 
0 
1 3613 
1 7506 
2 1864 6675 
1 2108 
1 2921 
1 5386 
1 8837 
1 3972 
1 6689 
1 5232 
2 3394 9269 
1 2558 
2 503 4506 
2 1387 9996 
1 3733 
1 8164 
1 2630 
0 
1 8444 
4 4637 5146 7553 7872 
1 6117 
1 7677 
2 3158 3921 
0 
2 46 1631 
0 
2 6035 9514 
4 2180 4269 6922 8152 
2 1685 3152 
3 3152 5678 9363 
0 
2 3221 7077 
1 9536 
0 
0 
0 
0 
3 267 1852 5028 
1 4748 
1 6082 
1 3671 
0 
1 5110 
0 
0 
0 
4 138 2108 6272 9222 
0 
0 
2 6176 7196 
1 7613 
0 
0 
1 3296 
0 
0 
1 7068 
1 9581 
1 7560 
0 
3 1423 4265 6149 
1 1836 
2 7678 8861 
1 8460 
0 
1 9745 
0 
0 
0 
1 9534 
1 5132 
1 8670 
2 1774 5094 
0 
2 1340 5111 
3 44 8916 9735 
2 6176 8821 
2 2440 9643 
0 
2 3090 9954 
1 9256 
0 
2 1527 1638 
0 
0 
1 5800 
0 
0 
0 
2 1636 9999 
0 
2 7756 8454 
0 
1 5826 
2 5585 8313 
0 
1 1836 
2 9048 9485 
0 
1 9362 
3 2055 2424 8852 
1 2808 
1 2971 
1 5775 
1 4126 
0 
1 2244 
2 24 2760 
1 6109 
0 
1 9571 
0 
2 2575 6648 
1 2347 
0 
0 
0 
1 7205 
0 
1 2990 
0 
2 4233 7632 
0 
2 3147 8629 
1 9909 
1 6663 
3 3896 4758 7776 
0 
1 450 
0 
2 6355 7296 
0 
0 
1 5854 
0 
0 
0 
0 
2 4130 4195 
2 4138 6026 
1 8799 
1 1290 
1 8219 
1 1174 
0 
4 882 4514 5058 9645 
1 641 
4 482 5322 5926 8062 
1 3355 
1 5862 
0 
1 8769 
2 4552 8583 
0 
1 1636 
1 9297 
1 5265 
0 
0 
2 7567 7641 
1 5470 
4 3173 4779 7297 7594 
0 
1 7616 
2 4845 9037 
2 6284 7691 
1 9843 
1 5810 
3 4478 7445 7496 
5 1556 3197 4270 6531 9919 
0 
