1000
9 105 186 358 434 492 647 764 885 912 
14 13 59 101 175 183 200 575 595 682 698 770 824 866 1000 
9 152 232 374 394 447 528 696 736 920 
10 8 184 207 331 348 398 536 538 722 993 
15 220 241 311 406 408 458 465 478 635 759 761 782 817 853 958 
10 16 106 373 406 452 543 851 886 921 971 
12 125 390 446 514 544 673 790 834 843 902 944 979 
18 4 62 120 121 138 161 199 206 248 377 481 516 577 603 731 880 897 974 
8 427 435 557 700 709 779 983 992 
13 18 19 22 93 143 210 239 351 367 743 765 812 917 
9 143 198 357 522 543 587 826 827 989 
11 152 164 169 262 335 364 405 464 618 820 918 
11 2 63 261 273 309 347 353 505 570 942 944 
10 92 165 175 283 378 385 468 599 704 836 
10 156 275 358 471 604 612 738 794 867 957 
7 6 366 371 636 850 959 998 
10 60 82 105 110 113 175 359 449 892 962 
7 10 535 714 739 762 768 871 
9 10 148 243 370 508 565 752 894 947 
5 142 194 570 579 592 
7 361 567 627 637 640 641 713 
10 10 94 200 388 424 428 503 648 742 982 
13 53 219 297 444 517 632 712 840 915 932 933 984 994 
15 89 117 120 170 171 182 294 381 397 426 456 576 635 701 796 
10 37 60 208 435 459 509 619 802 886 951 
9 121 143 252 379 534 581 654 847 924 
8 180 523 584 629 682 760 792 976 
13 112 153 168 288 313 378 412 488 551 553 770 886 934 
10 49 174 303 352 382 386 390 603 665 807 
6 66 160 514 651 733 870 
11 154 194 219 328 329 590 631 810 854 917 987 
7 83 314 467 491 500 578 921 
7 47 70 187 483 926 967 980 
17 41 46 74 75 77 154 175 263 274 352 391 441 554 766 833 904 996 
10 113 135 188 190 237 313 452 499 515 943 
9 104 278 294 746 767 788 804 812 917 
9 25 241 360 384 432 485 562 788 831 
10 75 113 132 414 535 697 784 886 933 958 
8 48 173 234 449 481 891 968 995 
8 149 381 424 463 635 668 749 886 
11 34 55 440 563 663 667 681 821 884 908 959 
9 75 94 296 367 454 727 790 792 866 
7 72 215 335 411 430 842 887 
6 87 250 316 451 499 551 
15 69 72 96 198 251 295 379 471 634 722 780 819 872 959 998 
12 34 321 322 346 354 398 512 520 583 586 834 890 
7 33 167 541 560 896 961 992 
14 39 60 249 290 396 496 563 582 587 702 745 747 775 812 
8 29 190 411 454 571 685 798 934 
7 264 512 557 639 696 853 909 
11 125 525 549 624 754 814 840 848 878 909 923 
4 519 888 958 966 
7 23 105 291 548 618 683 803 
4 297 603 829 983 
13 41 143 197 351 475 658 802 825 836 894 899 922 925 
15 57 195 208 245 259 401 472 489 600 611 626 746 816 817 897 
10 56 133 160 247 381 392 456 608 635 657 
11 156 171 274 427 490 507 511 654 705 791 799 
8 2 398 755 777 822 838 858 930 
14 17 25 48 133 170 184 496 541 551 592 623 680 734 789 
10 228 370 403 420 428 430 466 510 639 865 
9 8 115 183 184 189 207 489 592 782 
7 13 71 144 477 613 660 851 
8 249 290 367 374 474 683 925 959 
6 75 376 639 787 925 977 
8 30 73 100 150 438 554 752 899 
10 98 184 282 405 411 549 765 795 845 1000 
6 462 637 658 880 898 967 
7 45 458 485 658 682 929 952 
8 33 211 276 301 462 756 811 817 
19 63 79 107 110 132 182 190 309 352 436 540 563 634 667 680 710 742 852 959 
14 43 45 104 237 268 329 347 390 463 536 750 873 885 911 
8 66 77 283 446 464 584 616 783 
10 34 156 216 664 731 733 743 856 903 940 
15 34 38 42 65 165 206 411 533 638 692 853 877 878 890 967 
7 120 133 214 319 645 784 837 
11 34 73 434 535 568 597 629 696 760 892 971 
14 124 252 253 265 284 331 472 513 573 578 656 737 868 896 
15 71 86 219 246 298 395 528 612 632 642 733 759 809 952 997 
17 107 216 242 348 437 448 465 468 475 496 499 583 677 748 927 929 948 
10 145 172 375 606 641 714 723 792 793 913 
11 17 145 164 352 401 432 492 742 832 936 947 
11 32 192 251 294 363 385 420 463 624 723 834 
16 86 135 217 381 401 524 564 588 601 788 835 888 917 944 952 987 
9 108 174 294 560 610 643 793 902 999 
13 79 84 154 270 278 384 412 465 534 737 758 847 951 
9 44 88 199 379 455 556 650 921 995 
5 87 95 243 612 716 
6 24 476 501 527 954 974 
6 143 447 571 812 831 967 
9 140 164 168 234 320 481 541 606 955 
20 14 133 179 215 244 316 372 382 421 435 462 470 486 511 525 580 626 732 739 961 
5 10 227 325 515 579 
8 22 42 221 365 518 610 824 945 
9 88 188 250 368 478 488 643 791 874 
10 45 149 343 372 399 433 655 864 866 924 
7 548 565 602 622 805 903 990 
6 67 127 137 470 710 826 
14 130 136 163 177 251 425 502 517 558 601 689 691 926 966 
7 66 122 190 299 434 597 844 
16 2 178 182 282 310 311 313 357 622 649 663 725 738 783 833 892 
11 232 244 254 425 549 550 603 605 731 815 979 
12 119 154 195 231 273 309 323 497 535 628 754 976 
9 36 72 253 275 496 577 639 659 995 
10 1 17 53 471 677 750 794 845 951 957 
9 6 130 177 369 513 541 544 640 675 
12 71 80 320 599 613 704 743 758 777 798 923 934 
9 85 203 204 209 369 480 599 966 980 
9 186 226 235 273 359 383 398 676 785 
8 17 71 603 613 614 647 882 992 
10 164 189 214 227 285 320 614 622 846 919 
8 28 567 672 697 747 808 933 968 
15 17 35 38 115 288 355 438 488 561 604 615 666 673 761 999 
11 385 407 552 574 579 590 699 720 745 855 926 
12 62 113 127 136 137 292 484 488 627 807 844 947 
8 119 189 362 432 470 763 906 976 
7 24 243 469 767 783 888 950 
5 583 663 751 947 976 
11 103 116 155 269 517 789 841 858 883 916 980 
14 8 24 76 127 225 290 302 304 336 402 432 582 802 897 
11 8 26 201 255 306 333 426 551 776 810 970 
9 100 130 239 544 580 810 869 902 982 
8 280 469 557 570 586 620 723 983 
8 78 198 387 430 607 693 825 870 
14 7 51 243 387 409 416 460 475 521 635 760 769 843 928 
9 127 332 390 591 611 621 673 783 818 
13 98 115 120 126 390 500 576 628 668 692 835 881 883 
6 242 355 680 721 944 955 
15 155 184 346 435 491 521 569 671 763 817 828 903 907 916 955 
14 99 106 122 148 155 198 228 322 543 580 772 862 968 989 
9 220 286 347 388 601 628 766 911 1000 
13 38 71 134 194 309 343 344 365 401 493 943 972 977 
15 57 60 76 92 148 178 219 407 415 418 648 661 707 798 966 
11 132 260 334 380 568 578 765 801 805 864 892 
12 35 84 204 249 342 445 546 579 648 866 931 961 
12 99 115 159 202 279 382 536 672 706 870 915 967 
6 98 115 525 725 876 942 
12 8 198 212 350 367 389 556 651 773 856 864 933 
9 159 336 364 604 618 657 846 946 956 
7 91 198 604 639 706 744 844 
9 495 514 556 563 660 725 809 900 915 
13 20 224 276 578 602 668 678 714 779 850 863 891 949 
13 10 11 26 55 90 247 353 565 604 760 823 912 1000 
5 63 187 206 256 691 
14 81 82 173 272 318 406 453 518 551 633 718 794 843 846 
13 246 247 249 309 356 406 612 748 841 855 967 985 999 
10 153 359 360 385 491 520 883 900 916 933 
7 19 130 133 222 303 764 806 
11 40 96 265 299 535 546 619 640 664 832 861 
15 66 152 256 339 344 362 404 430 443 445 570 623 770 829 904 
3 230 414 474 
9 3 12 150 173 331 345 400 739 849 
15 28 147 262 282 312 371 415 417 434 483 526 648 769 905 924 
11 31 34 86 103 240 260 388 410 659 714 838 
8 119 129 130 257 264 555 659 847 
14 15 58 74 162 180 205 427 490 525 597 761 769 859 974 
4 411 732 760 763 
4 432 437 492 992 
8 136 139 187 573 636 644 896 960 
7 30 57 383 586 637 670 741 
9 8 195 219 286 396 427 469 494 923 
9 156 189 242 357 482 622 646 666 790 
9 99 220 415 488 525 688 890 897 930 
12 12 82 91 111 224 266 412 531 605 637 914 963 
15 14 75 259 296 345 494 534 541 585 637 686 718 774 943 987 
14 189 198 202 204 250 420 458 539 606 648 809 950 979 995 
8 47 295 316 603 728 846 848 966 
14 28 91 191 263 281 352 450 497 665 705 714 754 761 874 
9 12 248 257 622 719 833 889 953 980 
13 24 60 208 230 279 391 396 450 637 723 759 789 906 
8 24 58 267 432 518 629 706 985 
10 81 430 598 743 817 821 857 873 930 978 
16 39 145 152 183 207 333 386 517 686 769 781 790 803 810 828 965 
9 29 85 425 513 593 626 636 783 791 
9 2 14 17 34 180 684 775 939 968 
4 400 601 852 988 
10 99 106 296 298 425 527 577 826 893 926 
13 101 133 236 244 373 489 501 602 626 754 759 788 980 
8 92 338 362 527 630 877 906 958 
12 27 156 175 192 205 404 452 560 739 742 755 982 
9 191 262 605 609 671 790 817 917 998 
8 24 71 101 244 271 447 706 728 
8 2 62 173 358 448 589 897 902 
8 4 60 62 67 129 441 621 800 
7 338 549 596 640 792 931 980 
10 1 109 320 600 648 712 788 799 843 847 
9 33 144 159 257 335 587 754 759 830 
10 35 95 194 314 388 558 591 847 855 993 
10 62 111 116 162 166 194 542 766 893 926 
15 35 49 71 100 221 272 299 364 387 425 567 573 803 959 973 
12 168 181 264 365 392 413 460 588 645 685 828 960 
10 83 180 268 273 355 476 546 594 880 938 
8 244 317 513 610 713 843 865 926 
8 20 31 132 188 189 315 674 996 
9 56 103 161 438 446 470 534 542 909 
6 277 423 429 577 900 986 
11 55 225 255 392 422 483 489 547 564 604 744 
13 11 45 124 130 138 140 166 328 716 719 798 892 951 
11 8 87 343 365 424 521 730 823 838 927 929 
5 2 22 659 754 983 
7 121 226 400 508 701 755 904 
9 136 166 220 333 497 584 912 947 963 
7 108 395 594 629 655 691 746 
10 108 135 166 462 515 607 613 673 805 986 
10 156 180 214 259 315 392 645 712 774 928 
14 8 75 144 218 276 296 338 621 704 724 747 754 807 844 
6 4 62 173 312 629 799 
9 25 56 170 394 432 522 546 742 755 
12 108 342 455 522 587 588 713 714 756 771 834 956 
9 10 428 474 597 739 753 822 860 894 
8 70 257 411 471 601 778 930 957 
11 138 250 312 334 350 500 579 729 767 915 974 
7 244 389 482 662 705 904 909 
13 76 111 205 220 408 479 507 510 512 678 798 822 884 
15 43 92 226 240 255 280 352 450 529 566 607 763 851 898 927 
7 74 80 438 674 680 756 947 
5 84 457 472 568 712 
10 206 233 333 411 421 648 718 727 913 1000 
6 23 31 79 133 161 672 
11 5 131 163 202 214 378 425 522 615 853 962 
9 94 190 416 472 588 682 757 762 996 
7 148 420 481 655 674 806 825 
8 263 469 476 548 638 795 806 871 
18 142 164 251 328 356 359 366 440 441 455 459 528 545 682 722 735 745 944 
10 120 197 393 483 550 588 747 804 866 999 
13 109 201 215 312 355 417 439 456 463 711 733 900 918 
9 93 111 258 369 436 492 589 817 958 
14 61 130 356 376 418 463 511 576 608 706 744 764 824 887 
8 268 280 297 310 342 364 638 782 
9 151 170 325 530 591 612 673 876 933 
9 103 399 409 431 506 548 828 890 910 
9 3 102 289 450 453 579 620 873 991 
6 218 325 349 352 539 837 
11 39 91 277 298 371 399 402 454 609 709 901 
9 109 390 530 562 635 698 759 807 859 
9 178 249 295 309 449 466 641 685 942 
10 35 72 338 384 518 674 721 772 797 861 
10 424 439 459 480 576 724 804 866 923 974 
17 10 122 274 298 333 361 364 382 400 416 541 563 615 778 793 888 990 
8 154 215 273 368 605 743 793 989 
6 5 37 508 582 591 600 
9 80 128 162 454 499 664 898 911 943 
13 19 88 117 125 262 271 290 293 662 857 880 952 972 
14 92 102 178 182 193 213 361 406 515 608 660 719 887 952 
8 56 307 496 497 563 669 804 985 
9 79 146 248 294 326 358 361 686 923 
13 57 143 146 252 299 300 318 547 596 598 613 622 784 
12 8 169 246 302 388 440 505 721 790 855 901 949 
14 48 64 135 146 236 323 364 505 533 552 845 894 979 981 
14 44 95 166 212 386 403 486 627 641 652 755 875 891 909 
16 45 83 99 224 333 406 604 797 806 840 844 862 870 875 936 952 
8 26 78 247 267 360 389 619 928 
5 78 104 536 550 752 
5 102 477 626 674 956 
8 121 197 215 525 590 700 759 910 
11 144 150 262 380 401 687 747 774 804 865 968 
14 155 169 187 211 312 316 372 420 433 558 580 635 769 931 
6 227 278 380 905 915 927 
7 56 165 205 313 403 543 791 
11 134 154 372 525 618 644 678 697 734 812 860 
9 13 348 366 442 535 774 900 902 923 
13 12 153 181 243 256 322 376 592 597 784 856 899 937 
7 34 168 223 636 644 827 889 
18 50 155 191 275 316 340 405 418 439 464 511 586 671 725 751 800 870 967 
9 78 149 492 595 680 727 735 828 861 
5 164 292 437 456 823 
16 171 252 280 351 390 408 533 537 563 719 732 796 825 900 979 993 
12 72 192 229 290 350 381 407 425 462 504 561 799 
4 119 581 602 930 
10 86 351 376 508 723 752 790 827 939 999 
13 182 243 308 423 562 643 677 696 797 805 816 823 987 
6 145 190 438 462 789 977 
9 13 103 109 192 240 304 306 704 974 
13 34 58 239 318 334 337 388 518 576 750 812 819 826 
8 15 104 264 334 386 535 611 866 
11 70 142 206 285 464 533 535 635 710 726 862 
9 196 234 348 389 455 560 716 735 928 
11 36 86 258 391 550 606 615 873 897 911 1000 
12 136 170 307 310 433 446 594 680 697 732 789 993 
12 123 215 229 267 318 331 360 392 414 617 834 850 
8 168 316 372 387 637 715 878 901 
8 67 101 153 335 425 505 549 762 
7 14 73 407 449 542 835 877 
8 78 306 386 638 674 745 752 961 
7 111 276 306 444 711 721 806 
4 131 161 448 819 
5 355 390 408 688 973 
5 28 113 312 509 567 
6 232 631 693 835 844 905 
9 48 64 120 243 268 297 312 928 949 
11 53 294 484 583 640 661 716 766 815 864 978 
11 115 266 354 401 446 505 622 745 875 916 989 
9 243 366 459 489 497 520 868 890 983 
14 24 36 83 85 246 291 305 361 652 708 779 801 890 905 
15 45 167 236 296 326 457 552 651 673 767 859 860 897 937 944 
14 42 165 177 206 295 470 670 677 688 716 773 838 869 883 
9 23 54 229 290 614 625 673 974 989 
11 79 177 234 239 650 711 712 839 856 918 974 
11 100 149 190 247 451 543 648 694 924 968 973 
13 247 483 560 568 586 633 642 687 725 752 754 906 952 
5 70 346 426 541 698 
8 120 248 416 454 490 574 659 702 
7 29 148 395 422 549 808 866 
6 120 273 583 584 957 993 
5 294 724 833 902 965 
11 121 273 284 285 478 593 653 774 866 944 954 
10 245 279 423 445 446 452 464 743 872 963 
10 271 444 467 558 570 581 605 708 740 832 
10 13 71 103 132 146 236 445 490 684 763 
7 101 229 279 426 589 622 704 
8 5 101 359 682 711 725 744 806 
16 153 207 212 226 257 288 290 340 376 466 472 544 612 745 751 914 
11 28 35 101 259 458 519 588 646 835 880 981 
10 32 188 374 440 474 524 592 677 682 745 
9 194 205 326 584 621 707 733 742 886 
11 44 92 167 257 264 281 515 576 661 706 894 
11 193 329 337 455 695 760 851 870 952 967 994 
7 145 247 274 280 366 444 660 
7 76 335 535 841 864 957 963 
14 91 107 111 186 335 348 365 440 509 679 772 782 784 907 
9 46 437 513 533 545 674 686 889 962 
13 46 130 262 372 378 483 552 562 800 838 939 949 957 
3 103 249 474 
8 347 354 385 403 596 663 909 911 
14 93 230 233 344 410 470 518 541 600 759 815 890 933 977 
9 246 295 315 329 353 378 552 832 856 
4 369 544 634 992 
9 31 198 224 382 480 532 735 931 992 
10 31 72 317 326 414 416 434 533 535 849 
3 591 811 862 
13 4 78 152 280 376 548 638 833 881 922 945 973 978 
6 126 535 565 589 873 917 
14 121 173 202 218 239 251 454 507 510 648 769 775 810 927 
9 134 212 274 275 340 349 514 781 856 
14 12 43 187 282 319 320 403 409 467 495 496 794 898 934 
7 120 139 341 379 381 848 980 
5 274 317 340 349 825 
14 179 185 206 237 344 368 433 569 603 644 659 751 755 780 
10 150 363 558 720 796 834 852 857 875 932 
12 264 312 334 337 533 550 636 720 767 835 852 967 
10 336 393 395 560 593 724 743 776 854 991 
12 135 209 229 347 395 419 503 641 647 694 852 898 
15 96 132 199 351 511 570 616 633 648 863 897 918 962 984 988 
10 132 150 325 338 411 434 476 564 821 857 
9 152 165 559 592 728 742 900 948 984 
7 46 129 301 537 541 555 800 
11 13 72 131 324 342 367 537 583 824 833 840 
12 4 80 261 277 320 415 478 673 720 780 882 909 
13 233 334 337 400 409 410 419 461 605 786 792 795 994 
11 138 212 268 359 408 539 626 662 842 901 947 
14 10 55 267 270 343 520 551 700 715 797 832 876 936 969 
15 29 34 71 82 168 215 233 401 443 494 511 550 564 780 832 
10 13 143 326 383 509 517 738 846 996 1000 
8 46 292 324 634 702 716 849 881 
14 113 128 192 226 287 380 398 592 626 734 787 903 911 982 
10 146 224 228 432 557 673 735 806 918 958 
8 11 101 162 684 809 879 899 940 
8 1 15 183 246 487 871 889 986 
15 17 109 147 224 311 350 418 483 677 704 711 717 736 829 929 
13 37 147 252 280 379 380 416 444 447 556 835 938 946 
13 21 239 244 246 294 383 413 430 501 567 672 786 832 
13 116 150 179 464 640 710 712 799 808 854 860 977 994 
5 83 339 623 768 948 
8 12 139 190 229 239 249 496 670 
10 94 132 191 199 320 547 626 663 806 897 
11 16 224 261 293 318 402 488 639 650 763 806 
10 10 42 64 138 347 470 669 677 975 993 
19 95 240 338 421 493 525 579 588 606 607 610 621 625 654 732 884 923 933 979 
14 106 108 227 327 380 444 536 552 553 581 584 630 706 951 
11 19 61 431 546 742 823 835 844 934 948 996 
8 16 153 234 436 673 695 784 935 
12 92 96 257 260 281 322 721 782 917 946 953 982 
6 6 178 432 585 711 718 
6 3 64 314 627 799 990 
10 81 467 645 660 666 672 760 825 845 986 
13 65 228 262 270 312 331 450 494 576 659 670 713 736 
8 8 534 664 747 831 860 936 990 
11 14 28 220 322 326 411 550 641 693 713 770 
10 26 45 87 336 360 453 543 582 586 743 
12 134 256 258 355 360 369 631 645 659 790 873 927 
12 24 40 57 84 268 336 453 472 600 602 667 815 
12 29 92 136 239 328 393 499 519 619 785 973 982 
9 109 160 353 361 608 654 874 963 972 
10 37 86 237 506 527 618 657 695 762 945 
9 14 83 114 147 324 477 725 745 978 
7 29 173 250 275 284 413 508 
10 124 125 190 281 396 442 567 681 731 903 
14 22 131 154 188 248 274 444 453 454 472 475 523 872 907 
8 138 213 252 277 453 588 747 863 
13 7 29 72 126 127 235 267 287 512 544 599 942 948 
8 34 170 278 493 495 811 899 964 
10 57 191 197 205 280 653 900 919 927 991 
5 225 341 382 572 962 
10 3 208 396 420 617 711 787 823 871 952 
10 79 203 303 341 342 405 478 489 795 828 
9 48 161 170 387 394 398 427 718 721 
6 24 415 440 626 878 908 
16 4 46 59 109 355 396 453 457 503 505 527 601 608 645 662 693 
11 96 231 234 488 627 707 786 828 846 912 972 
10 152 176 201 239 349 743 864 936 989 999 
13 56 82 84 132 256 292 352 416 667 875 885 926 971 
7 120 234 366 467 557 573 774 
13 61 250 259 324 335 454 671 739 753 760 855 931 992 
8 150 180 472 510 655 896 920 993 
8 12 67 264 395 556 812 873 950 
8 5 6 145 146 244 251 429 548 
9 114 133 268 283 696 759 798 899 943 
9 5 214 267 287 350 524 653 841 921 
13 125 231 335 349 683 684 749 764 789 885 904 944 988 
11 154 325 349 485 539 651 724 765 789 860 976 
17 43 49 67 75 157 211 218 344 378 517 600 626 664 816 844 908 921 
13 28 86 164 453 612 691 702 748 802 857 908 965 970 
11 191 361 386 479 498 512 619 634 644 937 984 
11 38 151 280 329 515 639 697 723 771 800 901 
14 133 153 163 348 397 451 544 717 885 924 948 950 985 994 
13 125 221 239 302 329 360 401 585 593 693 863 941 986 
3 153 226 798 
10 133 228 264 359 431 494 507 818 853 886 
6 342 349 451 497 653 718 
7 61 83 166 222 257 394 708 
8 92 218 368 715 763 844 900 970 
4 197 303 523 645 
8 196 271 307 468 563 837 838 980 
10 22 40 199 238 449 482 548 817 884 912 
15 99 102 174 177 190 220 268 282 511 544 601 674 782 865 981 
6 24 121 301 310 517 682 
13 9 58 156 161 396 478 481 517 531 747 791 914 937 
9 22 61 210 478 504 765 826 860 899 
7 196 406 611 749 839 873 938 
17 43 61 124 150 172 361 469 561 596 699 733 766 776 815 822 850 853 
7 231 370 418 715 796 803 809 
15 37 82 116 120 158 171 208 356 373 537 619 713 730 815 942 
10 96 257 279 338 447 468 510 597 781 802 
18 1 77 100 153 329 344 444 469 506 588 596 649 697 701 718 749 918 946 
9 9 25 92 129 552 644 709 713 943 
11 71 227 371 457 485 500 528 531 660 964 982 
8 80 158 266 321 725 743 918 936 
13 66 113 195 216 272 469 546 561 629 679 697 751 823 
8 226 238 264 485 568 791 811 817 
10 41 224 248 314 320 397 678 816 858 906 
5 34 184 224 786 883 
9 261 387 443 629 668 714 750 802 815 
11 150 352 442 582 740 799 817 922 948 984 996 
13 23 285 308 318 360 369 388 434 486 501 706 756 825 
8 135 150 307 309 540 744 767 822 
12 7 73 195 279 292 307 491 588 650 658 709 971 
9 3 90 182 360 433 499 714 878 930 
11 80 183 286 577 741 765 845 860 896 912 962 
10 17 39 236 283 424 525 594 720 979 993 
10 168 170 215 232 376 587 665 784 808 849 
7 44 299 415 419 611 742 971 
5 6 35 180 307 709 
11 145 232 379 381 388 389 398 412 485 500 972 
12 42 49 234 242 302 333 388 403 478 747 845 967 
9 87 209 224 277 317 472 578 805 823 
6 24 57 226 266 956 997 
10 217 295 398 436 492 540 577 619 635 842 
11 5 69 166 313 489 610 724 832 909 936 962 
12 25 224 238 293 472 552 594 607 619 822 869 985 
10 125 191 464 676 689 791 843 888 902 947 
3 349 565 624 
11 68 70 92 204 268 272 528 605 720 924 980 
6 40 72 83 226 228 918 
11 12 73 264 276 307 362 460 480 632 835 847 
10 5 80 86 591 720 747 777 793 818 922 
7 61 236 312 571 655 672 771 
11 32 308 335 375 402 480 607 740 764 778 874 
9 14 80 423 433 480 625 772 811 837 
12 117 123 161 223 430 434 438 518 551 641 862 997 
12 92 98 116 195 296 325 367 634 709 727 790 860 
14 15 45 105 211 478 573 651 711 719 758 762 772 896 980 
13 56 78 217 221 312 381 388 404 455 459 495 512 538 
5 537 847 862 952 961 
7 64 151 210 314 323 683 973 
7 55 80 125 388 511 764 939 
11 89 192 223 344 555 592 665 723 731 826 984 
11 63 254 385 589 638 751 790 799 870 908 943 
15 5 95 306 348 395 427 428 454 471 584 705 785 849 889 954 
9 214 413 612 617 792 835 927 939 972 
12 108 238 328 464 467 468 533 565 579 703 901 905 
9 8 39 91 222 427 497 578 662 745 
7 162 213 424 505 656 880 888 
11 33 153 197 225 300 322 359 495 594 896 928 
6 115 291 485 754 829 865 
11 37 69 410 436 439 453 484 523 594 882 942 
4 92 250 444 919 
8 358 499 591 647 652 698 866 992 
14 28 95 113 115 163 366 399 542 585 591 665 715 756 949 
14 56 62 178 197 293 395 458 527 559 683 805 847 987 1000 
9 58 156 302 309 516 545 639 731 792 
7 32 129 147 446 575 581 801 
13 1 82 158 227 265 457 525 544 635 704 829 841 958 
5 132 368 391 769 918 
9 161 165 352 376 418 663 698 700 732 
15 141 335 391 472 483 634 694 722 725 817 821 853 928 957 969 
15 48 60 80 104 245 335 364 514 528 685 730 753 789 916 981 
12 103 168 202 245 293 419 481 607 680 681 813 845 
7 413 563 716 733 748 820 856 
9 35 44 80 242 382 447 487 588 669 
7 32 127 212 436 453 810 911 
7 89 178 361 444 632 799 923 
8 99 505 561 573 647 883 893 952 
8 22 342 398 557 587 693 748 759 
7 268 428 594 602 810 819 994 
10 13 248 249 282 292 398 482 502 782 826 
11 231 384 434 509 534 667 708 751 832 917 976 
6 58 214 333 418 639 864 
8 19 201 241 270 386 510 560 804 
7 25 288 320 353 506 514 648 
9 61 214 333 404 433 508 567 655 965 
18 58 92 228 264 343 352 425 475 536 619 666 720 792 822 850 853 892 983 
12 46 50 214 390 413 472 575 593 653 659 875 897 
7 78 106 174 193 321 756 865 
9 7 30 141 334 496 509 831 929 939 
10 35 93 204 244 316 414 550 626 958 975 
5 8 490 563 932 943 
13 23 99 119 173 353 411 426 427 564 645 657 668 933 
11 94 145 171 237 274 325 469 537 724 768 905 
7 52 313 382 537 662 668 885 
11 46 147 293 351 578 640 684 717 742 963 983 
10 125 129 199 530 553 638 644 752 841 894 
11 11 208 209 220 534 550 654 678 867 881 896 
10 27 388 422 485 670 741 759 761 801 961 
7 84 314 408 543 567 619 794 
15 51 92 137 156 163 255 260 368 449 492 554 641 647 890 899 
5 153 530 546 760 761 
12 89 177 179 384 398 489 546 613 830 870 944 964 
12 3 79 224 436 462 496 634 638 736 771 896 985 
3 215 708 893 
8 230 235 521 526 551 714 885 999 
10 164 427 436 592 633 701 730 766 868 910 
7 328 538 593 763 887 891 991 
15 75 249 267 276 321 329 340 480 559 637 658 678 734 806 888 
11 26 86 165 195 377 506 522 554 675 836 998 
16 18 38 77 103 149 261 275 276 319 329 332 897 926 938 955 978 
7 4 72 136 253 369 511 951 
19 267 346 347 432 473 518 519 539 552 612 635 643 668 671 673 674 687 748 809 
9 4 472 532 554 614 642 797 900 911 
9 166 233 350 410 537 579 697 865 868 
7 71 445 457 551 608 633 822 
13 47 60 91 106 165 239 301 325 346 622 640 796 916 
6 189 195 283 488 815 821 
11 6 11 130 259 299 379 524 711 825 917 921 
12 7 106 122 312 327 390 415 425 492 682 715 818 
6 224 321 490 671 681 915 
11 135 149 192 208 370 438 526 527 714 840 850 
6 197 247 365 823 842 995 
11 53 97 223 231 331 406 424 631 660 790 833 
9 51 67 102 185 282 303 652 656 784 
12 102 225 253 278 340 352 378 515 522 582 893 931 
10 28 44 60 121 145 351 469 530 540 750 
11 114 249 295 322 326 369 435 459 537 920 940 
8 28 369 521 562 579 728 730 871 
12 34 66 525 534 538 628 644 667 695 813 854 928 
14 155 346 476 571 599 602 631 683 774 843 853 871 881 884 
8 87 138 141 360 405 763 840 893 
9 9 50 123 356 402 503 571 608 803 
7 99 188 257 308 339 740 900 
9 345 489 533 593 710 714 794 868 927 
9 47 85 180 277 300 341 508 640 939 
9 113 268 430 438 502 842 871 933 938 
13 37 235 271 322 553 594 609 688 689 748 769 840 904 
14 41 48 71 141 239 245 267 423 498 516 587 793 843 852 
10 84 197 344 352 517 643 748 851 889 976 
9 19 97 143 332 461 480 788 811 840 
6 215 601 679 862 868 912 
14 21 112 190 288 361 387 510 524 642 662 716 771 863 887 
7 77 134 217 300 439 605 684 
5 129 338 592 685 696 
11 13 20 123 150 308 343 619 636 780 915 951 
9 49 90 466 555 557 625 749 928 987 
4 393 620 637 772 
12 78 159 190 402 471 502 645 667 755 801 900 997 
8 114 302 620 637 755 835 857 897 
8 2 491 512 754 766 773 890 972 
9 24 127 228 238 274 316 376 623 926 
12 8 104 177 196 448 457 610 657 682 742 789 940 
10 32 78 134 142 455 481 520 651 809 938 
15 20 93 114 135 212 232 368 480 539 553 580 696 698 742 933 
8 92 122 130 257 579 642 726 787 
9 26 269 308 369 491 681 722 754 781 
9 48 120 241 379 443 550 817 946 975 
11 46 80 118 291 304 347 606 685 858 913 969 
8 27 73 202 304 315 369 478 601 
7 165 373 416 488 616 642 964 
12 46 123 160 264 300 379 600 623 733 757 795 943 
11 11 48 187 209 450 503 563 595 610 809 873 
15 84 191 209 221 225 313 368 389 434 446 499 601 622 713 900 
13 183 227 310 332 477 603 668 672 766 799 806 924 949 
8 31 114 255 701 812 836 911 973 
11 126 188 230 241 330 465 487 488 699 819 950 
18 20 60 62 262 314 345 355 476 531 569 638 777 839 899 968 976 986 993 
15 174 306 341 416 512 532 559 606 635 802 822 830 833 947 999 
11 192 203 279 449 459 483 485 504 562 717 771 
6 2 265 587 619 848 913 
8 185 247 324 430 434 715 833 851 
8 77 100 156 210 262 433 713 867 
6 172 247 614 865 880 914 
13 14 107 108 390 555 656 722 733 749 842 894 944 976 
10 56 186 241 325 381 411 586 912 968 988 
13 84 99 131 176 211 398 425 566 584 588 657 835 939 
7 97 142 178 269 381 504 555 
15 8 29 54 102 110 167 338 589 684 741 783 785 889 919 979 
10 15 113 139 140 143 197 251 620 785 896 
12 102 164 181 240 308 349 462 568 691 711 780 784 
11 81 91 166 278 368 583 593 651 672 674 754 
11 124 204 215 368 459 467 497 663 770 787 956 
11 57 228 244 383 398 540 557 693 715 793 806 
6 181 234 562 765 766 925 
10 85 94 193 368 458 577 587 641 814 985 
9 56 126 275 429 451 665 681 754 900 
15 15 79 88 146 230 312 412 479 537 614 644 714 807 856 971 
10 63 107 110 204 247 527 673 704 751 919 
12 110 111 297 538 598 612 643 732 766 780 924 977 
6 113 220 239 278 719 805 
6 73 343 585 724 960 979 
5 280 394 479 904 958 
7 12 53 139 260 384 855 904 
12 25 149 252 382 413 432 457 459 511 524 570 595 
8 123 232 572 574 604 866 888 966 
8 126 184 206 315 368 682 771 951 
11 97 101 111 162 169 247 292 310 541 588 978 
9 60 150 363 576 586 635 646 673 981 
8 51 83 461 835 843 883 909 975 
8 297 368 468 571 702 765 794 989 
15 56 92 174 178 254 350 355 365 397 411 515 672 688 778 788 
9 21 115 250 374 399 714 782 805 984 
10 103 127 131 554 637 645 688 715 892 990 
12 27 77 171 203 207 438 442 769 780 810 882 994 
6 179 369 646 686 902 945 
6 31 289 380 548 555 917 
7 23 79 464 501 763 802 977 
7 145 300 343 531 540 640 872 
9 45 71 327 354 413 470 495 528 972 
16 5 24 40 57 125 235 257 276 457 492 537 593 623 944 953 974 
9 16 159 174 263 340 570 721 778 949 
13 21 68 160 164 165 170 281 533 572 574 628 792 882 
12 75 223 229 284 331 477 521 528 592 646 746 865 
13 50 61 65 104 140 366 414 490 507 695 702 971 992 
15 21 106 149 185 291 362 520 541 560 633 699 718 719 846 974 
11 21 81 236 250 342 378 469 525 610 819 896 
11 79 300 538 567 580 585 716 753 761 795 991 
9 85 95 271 537 564 614 726 916 936 
10 159 260 263 338 413 435 521 554 612 770 
13 76 191 205 375 380 398 422 517 573 628 708 762 853 
9 162 313 623 630 638 764 785 902 921 
11 1 110 342 487 502 525 662 664 777 811 890 
14 22 133 135 153 166 186 218 299 333 343 509 695 991 999 
5 101 434 761 879 906 
11 87 298 366 446 666 692 722 779 785 838 898 
10 30 138 295 410 471 578 606 693 835 839 
5 250 294 487 549 782 
10 306 392 408 419 512 733 900 965 975 997 
7 26 58 368 383 522 688 713 
10 96 203 222 404 466 510 830 876 931 948 
11 78 482 549 599 657 695 759 834 839 879 981 
8 57 139 384 517 577 601 656 885 
8 55 68 69 446 533 725 770 900 
13 104 154 155 200 302 338 376 380 512 680 798 827 976 
12 63 141 244 318 375 436 548 748 757 838 868 879 
7 133 291 316 762 777 804 940 
11 213 243 350 398 481 519 567 647 663 703 878 
13 41 101 118 324 365 494 607 662 762 888 923 937 955 
10 74 149 242 377 411 647 772 882 886 946 
7 29 168 450 476 488 611 940 
8 113 162 375 511 650 676 813 818 
9 41 71 381 401 506 554 573 739 952 
13 40 127 142 442 517 519 537 589 715 851 932 946 966 
9 245 367 499 675 770 796 817 822 867 
5 160 296 364 376 523 
10 129 181 264 403 537 545 682 796 801 840 
14 112 136 219 361 375 466 589 606 626 706 722 770 774 838 
15 7 113 126 204 230 295 297 348 356 371 537 613 623 722 894 
12 194 216 222 237 254 284 321 425 537 606 869 986 
7 106 534 669 780 824 885 983 
6 109 460 666 807 897 940 
9 80 105 271 296 314 359 367 716 740 
10 142 214 260 440 522 533 695 730 923 990 
7 320 438 566 882 938 966 969 
13 60 71 128 216 265 279 497 659 719 755 774 781 800 
8 41 387 497 545 581 611 840 879 
13 2 27 69 221 224 311 314 426 544 577 621 671 728 
9 53 64 409 474 489 555 805 806 960 
10 175 309 357 409 520 568 603 743 796 870 
10 49 191 236 496 569 583 712 901 925 979 
8 165 173 246 321 630 692 704 814 
9 256 300 537 707 718 724 771 820 967 
10 163 287 296 562 626 628 654 756 808 953 
8 99 460 562 706 753 782 841 860 
0 
9 99 144 203 412 605 706 887 894 967 
5 75 127 650 686 977 
11 124 289 378 398 416 503 608 651 761 762 778 
6 299 342 495 948 949 970 
10 317 371 384 554 639 648 656 678 803 866 
8 3 50 77 271 407 569 579 894 
13 38 112 260 279 414 434 438 539 801 901 908 960 975 
12 2 235 301 487 494 579 732 757 798 804 837 877 
6 114 430 591 640 724 913 
9 9 255 351 494 818 849 888 903 976 
9 24 201 434 531 590 704 721 793 968 
7 48 302 354 412 625 639 756 
7 480 662 760 844 871 933 978 
12 14 107 206 273 310 359 492 613 686 701 831 922 
6 58 168 213 478 794 826 
13 136 140 171 182 228 316 369 444 672 689 691 848 949 
6 133 315 399 687 907 966 
6 294 308 420 506 529 645 
12 9 234 435 446 452 470 867 937 948 959 979 999 
8 71 98 276 362 559 902 923 929 
12 226 285 298 311 359 373 394 471 543 605 802 985 
8 23 186 205 217 298 362 685 774 
12 21 193 209 376 378 432 435 588 597 654 872 911 
18 18 81 142 154 168 209 442 447 530 546 559 612 627 734 813 851 966 991 
15 281 351 421 431 488 544 596 608 628 668 720 741 779 833 913 
14 88 198 277 291 296 354 498 567 642 677 755 776 891 974 
6 359 415 520 594 833 839 
11 145 165 218 373 396 419 434 640 687 785 910 
10 169 198 244 267 471 615 640 680 820 893 
12 114 339 340 348 449 462 465 511 715 739 750 963 
11 128 237 248 285 372 396 636 701 769 792 862 
12 4 45 224 495 581 599 650 672 673 767 872 887 
7 81 83 123 170 270 414 476 
14 206 238 305 341 410 458 518 616 687 699 749 866 870 990 
14 101 137 141 264 300 311 385 437 495 658 779 868 891 941 
5 276 580 643 896 897 
6 42 218 265 470 817 988 
8 167 182 345 553 682 823 827 896 
3 212 959 988 
10 199 432 496 531 553 678 782 848 851 887 
6 8 74 102 387 476 490 
8 92 157 267 279 368 494 614 698 
13 30 74 79 226 315 430 498 586 599 653 824 889 927 
8 60 260 355 533 714 743 880 947 
8 224 265 277 328 356 902 956 969 
7 3 359 376 528 760 765 907 
2 78 86 
4 15 101 353 793 
11 18 92 152 180 210 403 667 720 902 905 960 
8 308 443 467 558 677 757 858 998 
11 160 448 523 603 715 797 841 898 955 983 986 
14 22 71 82 180 208 315 345 370 451 520 577 579 843 891 
15 10 74 107 172 240 307 341 379 400 437 684 734 841 870 985 
6 140 197 228 311 445 945 
12 48 114 224 284 292 312 314 385 481 839 849 958 
5 36 56 203 638 849 
11 48 112 206 225 256 377 389 427 454 465 839 
12 80 146 412 498 503 537 562 564 660 775 942 947 
7 40 409 429 434 571 599 724 
9 72 105 274 442 551 720 841 880 889 
10 118 264 312 338 438 477 506 613 760 779 
11 19 66 253 270 284 300 521 826 876 945 953 
6 210 403 496 642 689 895 
18 51 103 168 178 187 200 206 300 484 575 581 606 611 792 864 899 960 961 
12 59 180 201 208 250 338 573 574 680 716 990 997 
12 70 209 216 444 488 513 688 702 820 833 883 922 
6 221 586 660 698 740 942 
4 86 107 471 905 
13 5 79 170 178 187 235 255 325 407 503 523 656 952 
14 27 77 125 143 157 317 375 403 526 703 736 751 762 780 
12 5 113 156 168 523 526 642 649 693 803 905 980 
14 18 221 282 384 471 645 661 663 693 760 837 874 909 977 
12 116 129 157 215 309 366 421 532 556 632 772 893 
11 1 148 228 409 467 475 646 796 851 915 927 
10 10 67 134 410 428 448 609 625 736 779 
13 34 131 189 291 430 531 575 589 609 614 815 877 985 
10 36 117 212 295 340 445 722 854 932 933 
3 18 363 518 
12 125 153 156 173 257 333 493 562 629 721 799 954 
13 2 28 150 378 607 644 658 669 672 789 807 924 994 
11 209 414 466 528 567 594 621 687 782 887 968 
10 130 237 320 468 471 572 664 763 892 915 
5 138 296 575 853 968 
13 165 205 256 261 306 402 555 672 680 712 852 941 954 
6 48 175 333 748 872 967 
5 121 341 430 716 916 
9 59 107 465 592 647 661 787 874 980 
8 211 239 467 626 636 693 919 977 
9 9 142 294 650 715 725 751 765 872 
12 45 338 348 352 570 605 614 629 675 760 884 894 
10 173 334 433 581 680 808 822 883 896 951 
13 5 62 229 320 372 425 505 627 652 689 730 771 884 
6 73 101 117 126 174 603 
14 38 76 247 262 320 371 450 549 605 844 871 940 975 990 
11 109 382 478 603 604 646 650 718 809 971 996 
7 349 361 399 441 893 911 986 
8 65 355 394 580 607 777 816 817 
7 36 37 84 178 186 565 626 
12 60 119 170 272 279 409 410 496 577 770 824 991 
13 7 42 162 173 181 248 270 380 470 477 548 888 946 
7 58 95 174 259 427 439 460 
14 27 42 81 185 349 479 490 511 637 721 754 794 945 977 
10 81 85 239 240 465 563 608 701 738 945 
11 15 105 145 335 524 559 625 705 792 818 836 
7 67 223 349 395 586 642 909 
11 24 267 339 431 541 669 671 684 764 853 971 
7 237 251 271 351 538 741 907 
10 49 107 133 198 214 407 417 659 698 980 
14 58 186 207 268 362 374 443 477 501 589 769 869 944 977 
8 184 264 322 346 414 680 880 992 
8 134 294 491 523 573 671 697 988 
11 25 55 120 412 433 442 593 632 711 835 960 
7 53 173 190 431 557 695 761 
10 36 225 238 245 256 508 661 698 892 992 
10 97 134 204 271 455 489 615 627 683 817 
13 148 222 223 251 285 311 356 365 366 533 589 608 683 
9 29 115 206 235 612 676 770 854 924 
7 112 303 362 450 688 781 855 
11 79 141 166 357 431 537 578 587 785 918 925 
10 31 121 122 173 333 500 504 629 970 996 
8 70 330 391 439 468 565 647 913 
10 10 36 48 90 260 274 405 590 835 950 
6 497 554 666 714 856 935 
4 51 610 686 883 
12 102 291 325 381 430 432 442 542 766 834 864 958 
7 56 271 411 440 787 823 843 
17 5 56 70 129 172 181 227 424 439 443 495 582 669 727 787 805 864 
7 126 418 465 544 666 700 794 
9 45 274 286 504 591 641 898 938 991 
7 12 498 687 719 756 884 920 
7 41 172 344 495 542 901 962 
13 59 210 214 430 445 459 511 540 593 669 781 851 944 
13 143 199 266 271 370 394 438 455 547 728 816 883 892 
7 2 94 228 347 675 733 789 
9 55 124 222 267 337 375 444 543 986 
12 11 98 177 274 428 476 505 705 752 866 902 955 
7 11 263 270 659 728 925 946 
10 129 173 191 231 265 395 399 899 938 986 
6 54 150 359 484 492 948 
6 187 527 593 655 847 959 
6 37 90 377 514 704 860 
10 82 149 308 326 351 352 361 458 506 873 
12 34 101 169 305 331 347 548 593 596 715 717 756 
9 7 46 83 209 280 339 656 815 934 
17 84 127 283 289 313 340 360 370 464 479 574 601 624 651 802 812 875 
7 14 55 534 590 794 885 907 
8 76 233 423 468 698 762 932 987 
11 59 154 199 296 322 423 650 660 672 861 927 
11 298 429 592 651 656 717 745 747 895 912 944 
11 23 51 251 347 546 556 562 565 671 681 897 
13 119 146 319 408 492 521 689 741 743 750 843 879 883 
9 43 350 457 547 561 599 871 904 940 
12 7 125 145 186 193 460 555 563 624 742 816 841 
12 100 115 140 206 251 289 370 411 421 703 784 975 
10 67 105 249 375 448 454 497 910 923 934 
7 111 139 145 167 353 399 640 
10 26 86 155 186 188 464 473 489 830 913 
8 51 167 336 595 706 730 958 988 
10 152 329 354 450 478 700 745 746 901 968 
7 16 142 280 430 511 546 972 
12 6 63 215 317 564 596 668 714 730 764 822 944 
8 71 176 339 340 342 563 774 918 
12 5 50 75 220 418 430 495 511 555 645 773 796 
7 31 341 362 554 767 807 885 
10 114 146 188 248 403 618 808 858 932 943 
11 74 138 262 298 326 334 498 612 813 923 924 
7 172 243 339 344 412 574 883 
10 59 119 440 583 740 855 871 908 948 990 
4 156 235 295 969 
11 210 260 295 362 377 410 428 448 470 689 831 
4 149 237 265 838 
9 130 251 276 330 469 473 566 721 907 
7 142 343 389 416 567 882 982 
13 96 134 138 291 319 400 507 754 815 817 909 952 953 
10 61 193 256 425 484 513 539 598 638 949 
15 2 42 96 135 225 238 275 303 306 487 620 695 724 826 872 
8 15 522 597 669 709 933 943 990 
9 78 293 531 539 559 566 660 725 877 
9 122 296 459 674 799 870 872 983 986 
13 30 124 136 251 264 317 477 527 684 724 743 869 905 
11 18 223 358 394 553 555 561 703 784 842 858 
10 45 307 388 633 713 722 775 779 866 869 
11 72 172 232 278 332 380 405 429 587 832 896 
6 95 168 383 467 762 777 
10 250 251 292 339 401 512 835 886 894 924 
5 137 230 351 655 752 
6 75 179 283 698 766 868 
8 51 75 281 397 447 662 910 917 
6 357 649 656 660 681 841 
10 8 68 192 243 313 482 598 734 750 800 
6 127 331 354 522 555 885 
8 110 348 485 629 637 664 679 863 
13 119 127 147 296 441 502 624 756 781 814 823 841 857 
9 41 214 368 424 555 780 782 820 996 
13 1 72 401 409 415 519 530 657 675 836 854 881 924 
10 6 25 28 38 40 315 418 664 875 997 
10 43 228 244 532 567 691 722 730 771 995 
14 52 84 117 239 460 482 533 620 663 700 790 945 974 991 
12 169 263 321 358 478 564 603 733 750 903 935 971 
10 46 75 163 231 293 294 325 525 575 647 
7 39 142 250 532 716 725 742 
12 17 77 101 134 198 511 628 772 804 823 927 980 
9 177 189 502 529 550 556 719 763 786 
12 19 55 210 249 316 521 599 673 691 696 780 875 
3 753 839 981 
15 47 78 159 404 448 471 483 522 528 604 641 726 728 781 873 
18 8 56 120 163 183 278 295 343 365 512 535 574 676 726 840 902 936 966 
9 68 215 242 335 342 650 741 819 929 
14 55 66 262 357 391 407 428 525 592 754 828 953 971 993 
17 141 147 196 226 261 267 345 392 421 538 558 573 588 611 653 658 960 
10 234 248 281 350 414 480 685 697 821 849 
15 7 85 122 183 261 305 460 630 646 710 735 739 826 897 971 
8 74 97 129 355 387 700 889 922 
10 34 150 201 213 409 562 617 618 842 929 
11 153 258 289 294 480 518 739 758 761 870 957 
7 116 170 179 300 440 649 988 
10 129 320 388 707 736 797 836 862 934 994 
7 41 397 411 412 477 697 858 
12 50 51 195 213 250 324 348 458 624 762 795 864 
7 231 255 531 718 845 878 987 
12 72 131 242 278 324 355 500 538 590 713 786 972 
9 1 143 202 399 424 448 566 600 839 
8 81 218 583 595 699 715 811 847 
6 164 312 427 598 954 988 
9 23 136 141 212 258 545 570 764 772 
8 119 129 147 292 496 541 643 776 
11 10 31 36 84 181 332 372 506 543 631 878 
12 12 226 298 343 356 434 437 463 493 809 852 993 
6 111 392 486 603 613 778 
5 3 404 552 820 994 
9 6 32 87 408 411 543 646 983 991 
10 55 331 443 465 704 756 903 942 975 990 
13 51 107 161 238 246 261 368 501 663 678 710 845 856 
13 26 96 153 299 415 462 589 614 770 807 856 875 885 
8 55 64 65 609 685 809 827 934 
10 33 99 114 177 189 193 401 535 576 994 
14 80 199 215 258 333 380 392 479 559 733 764 838 892 941 
9 125 205 252 277 290 483 495 554 571 
9 69 80 199 359 514 710 898 904 937 
6 59 163 172 211 269 447 
7 135 185 257 328 403 550 655 
7 23 339 516 668 767 837 855 
14 23 38 112 138 147 230 325 368 517 561 579 703 767 867 
9 28 49 107 335 370 834 845 907 925 
3 371 813 889 
9 82 251 351 377 400 437 458 643 897 
7 262 295 413 427 663 709 929 
9 192 360 429 535 561 578 679 819 828 
10 175 270 322 475 479 514 560 601 970 999 
9 74 357 552 577 661 665 676 784 842 
4 416 725 774 927 
11 13 137 236 390 432 485 748 757 922 970 999 
11 35 132 165 242 407 435 477 516 586 855 867 
16 7 13 84 128 224 295 306 409 527 599 635 799 822 839 851 995 
10 94 331 384 630 744 752 792 793 888 976 
10 139 360 372 434 582 664 668 790 827 956 
12 19 82 115 118 202 216 350 460 593 734 748 974 
12 80 345 363 370 390 415 443 655 694 709 829 858 
10 142 248 290 322 488 589 636 694 706 865 
6 117 166 405 415 591 812 
9 25 86 105 198 369 536 570 621 781 
15 69 79 84 243 244 251 300 317 394 473 502 667 759 864 964 
7 169 372 635 688 752 864 899 
7 89 306 478 769 774 914 975 
8 91 128 129 535 663 741 826 957 
8 139 209 254 456 607 735 946 969 
9 15 105 211 304 319 322 495 905 955 
12 5 38 52 179 227 356 492 515 617 745 815 848 
9 16 41 45 64 71 190 709 729 830 
9 159 191 616 683 697 739 754 802 900 
7 47 92 135 284 473 523 754 
8 17 220 321 343 393 448 458 821 
7 164 202 307 319 383 520 720 
5 391 436 527 585 952 
6 173 305 412 510 653 990 
11 52 99 108 133 167 620 668 679 707 714 897 
14 33 68 75 90 136 146 264 317 340 454 687 691 775 969 
12 39 112 130 175 256 299 592 600 701 771 773 849 
8 351 495 583 679 735 859 956 967 
7 121 412 421 694 810 939 942 
12 6 77 401 446 451 612 639 785 796 889 899 902 
10 132 243 383 399 453 479 575 634 850 911 
8 190 287 299 331 382 474 590 992 
13 8 89 156 212 238 273 297 298 635 640 716 888 947 
13 367 515 582 624 653 697 784 844 922 954 983 987 989 
12 27 103 116 118 410 506 564 592 599 659 700 945 
12 65 132 272 325 362 614 632 692 762 778 792 799 
7 172 291 331 385 535 622 703 
11 7 102 166 249 267 368 449 603 616 685 709 
14 33 108 119 169 178 185 336 423 462 471 761 777 798 892 
9 249 313 425 496 623 656 895 993 999 
8 22 122 180 355 372 382 436 863 
12 9 54 123 200 293 511 520 675 741 869 921 975 
7 23 343 345 413 443 476 627 
10 146 171 245 415 459 528 610 711 743 766 
12 196 204 358 375 416 592 674 741 786 825 828 869 
9 31 84 165 271 489 571 837 910 975 
10 176 343 409 600 727 729 801 848 906 914 
8 11 130 240 292 297 400 625 975 
13 97 239 374 377 628 678 724 755 784 858 867 922 965 
12 232 341 392 532 642 648 714 789 819 888 921 1000 
12 9 47 110 158 327 328 403 487 639 800 804 973 
12 4 188 267 279 304 367 404 449 592 899 918 981 
11 23 317 349 362 415 504 629 770 907 920 926 
7 39 87 104 166 547 887 944 
9 34 194 221 353 370 443 785 810 884 
7 79 456 469 573 653 755 886 
6 16 45 181 534 740 999 
14 85 113 146 225 270 400 530 593 648 709 939 942 981 998 
9 2 67 131 143 218 278 353 489 991 
