1000
0 
0 
1 870 
1 589 
1 364 
4 135 284 328 588 
2 242 729 
0 
0 
0 
0 
2 633 911 
2 932 991 
0 
1 87 
2 600 744 
2 592 700 
2 128 316 
4 202 520 727 892 
0 
3 212 316 966 
1 317 
1 744 
3 286 375 829 
0 
0 
0 
0 
1 276 
0 
1 301 
1 910 
1 672 
1 532 
0 
0 
2 342 669 
1 653 
1 309 
2 45 737 
1 506 
1 158 
1 654 
2 514 876 
1 40 
0 
2 301 433 
1 474 
2 196 814 
1 509 
1 89 
1 397 
0 
0 
1 879 
0 
1 240 
1 815 
1 647 
1 867 
1 77 
0 
0 
1 292 
0 
0 
1 748 
1 150 
2 679 826 
1 123 
0 
2 548 808 
2 233 491 
2 630 742 
1 200 
0 
4 61 271 411 831 
1 724 
0 
0 
0 
0 
0 
1 126 
2 702 971 
0 
3 15 141 944 
0 
1 51 
0 
2 149 854 
1 619 
0 
1 805 
2 659 863 
0 
0 
1 488 
2 261 892 
0 
1 885 
0 
1 232 
0 
0 
0 
0 
3 174 388 628 
2 695 702 
0 
0 
3 295 352 941 
0 
0 
1 603 
1 883 
1 198 
3 560 806 962 
0 
2 567 862 
1 783 
1 743 
2 70 856 
1 497 
0 
3 84 188 403 
0 
2 18 817 
1 424 
1 466 
1 538 
0 
1 792 
2 624 807 
3 6 190 600 
1 493 
0 
0 
1 287 
0 
1 87 
1 811 
0 
3 200 323 804 
2 498 711 
0 
0 
1 379 
1 91 
2 68 443 
0 
3 423 424 604 
1 390 
1 587 
2 350 832 
0 
2 292 953 
2 42 389 
3 446 571 585 
0 
0 
1 177 
0 
3 251 723 774 
1 786 
0 
1 529 
0 
0 
0 
1 650 
1 880 
0 
1 108 
2 646 978 
1 838 
3 162 571 583 
0 
2 233 251 
2 316 369 
0 
0 
0 
0 
0 
0 
0 
3 126 294 767 
0 
2 135 721 
0 
0 
0 
2 342 857 
0 
2 49 605 
1 928 
1 117 
1 348 
2 75 144 
1 389 
2 19 640 
1 588 
1 800 
1 711 
1 843 
1 553 
1 280 
2 703 707 
2 398 554 
1 682 
1 21 
2 523 753 
1 247 
2 344 636 
0 
1 811 
0 
0 
0 
1 506 
0 
1 848 
1 481 
1 282 
1 346 
1 640 
1 898 
0 
2 824 986 
1 468 
1 103 
2 73 179 
0 
0 
0 
1 671 
0 
1 657 
1 57 
1 592 
1 7 
0 
1 588 
1 434 
0 
1 214 
1 615 
1 292 
2 257 961 
4 164 179 455 773 
0 
0 
1 984 
1 645 
1 880 
1 250 
3 290 548 967 
2 298 625 
0 
4 99 478 603 708 
0 
1 714 
0 
1 653 
2 582 669 
0 
0 
0 
1 902 
2 77 865 
1 964 
1 394 
0 
1 296 
4 29 685 916 977 
1 740 
0 
1 974 
1 208 
0 
2 225 799 
1 443 
2 6 416 
3 296 467 904 
1 24 
3 139 398 908 
3 398 470 1000 
1 884 
2 258 472 
0 
4 64 157 249 967 
0 
2 188 456 
1 112 
3 275 285 315 
0 
1 259 
1 826 
0 
3 31 47 855 
3 696 828 950 
4 466 635 833 886 
1 476 
1 353 
2 580 907 
0 
1 710 
2 39 435 
1 487 
0 
1 631 
0 
0 
1 296 
5 18 21 180 431 722 
2 22 330 
0 
1 488 
1 556 
2 807 809 
0 
2 144 346 
0 
0 
1 831 
0 
2 6 916 
0 
2 317 763 
2 359 609 
0 
1 913 
0 
2 450 531 
0 
0 
0 
3 501 587 737 
0 
1 866 
2 37 194 
0 
1 215 
1 378 
3 226 323 958 
0 
1 199 
0 
3 155 500 603 
3 629 696 742 
1 112 
1 305 
0 
1 734 
0 
0 
0 
1 331 
2 699 807 
0 
0 
0 
1 5 
1 515 
1 573 
0 
0 
1 180 
2 643 993 
0 
1 712 
0 
0 
3 24 763 880 
0 
2 453 813 
1 345 
2 148 879 
0 
1 765 
0 
1 678 
0 
0 
1 858 
1 641 
1 108 
3 158 201 708 
1 153 
0 
0 
0 
1 273 
0 
2 706 837 
2 52 658 
4 210 287 288 921 
0 
1 791 
0 
1 499 
2 126 901 
1 588 
2 411 948 
1 889 
0 
0 
1 788 
1 425 
2 77 405 
1 875 
0 
0 
0 
1 284 
1 567 
1 716 
0 
0 
1 948 
0 
4 152 469 908 984 
2 129 152 
2 410 979 
0 
2 696 705 
1 989 
0 
0 
4 316 763 773 857 
0 
1 47 
2 245 925 
1 309 
1 913 
0 
0 
3 640 727 808 
1 861 
0 
0 
3 150 283 953 
1 804 
0 
2 159 997 
1 526 
1 973 
1 544 
1 335 
1 910 
0 
3 377 611 987 
0 
2 251 807 
1 294 
1 965 
0 
0 
0 
0 
0 
0 
1 578 
2 526 578 
2 130 303 
3 285 491 871 
1 231 
1 423 
1 288 
0 
2 290 543 
0 
3 48 534 764 
0 
1 304 
0 
1 261 
0 
1 655 
1 224 
0 
0 
1 670 
1 981 
0 
1 310 
2 98 319 
0 
1 924 
2 73 467 
1 625 
3 136 518 594 
1 684 
0 
0 
1 124 
1 145 
1 402 
2 350 782 
1 339 
1 753 
1 716 
0 
0 
2 41 221 
0 
0 
1 50 
1 679 
1 990 
0 
1 653 
3 44 518 585 
1 365 
0 
0 
2 493 514 
0 
2 19 947 
0 
1 970 
1 213 
0 
0 
3 447 465 636 
0 
1 897 
1 167 
1 584 
1 335 
1 34 
0 
2 474 637 
0 
1 974 
0 
1 131 
0 
1 749 
0 
0 
2 472 747 
3 449 979 993 
1 760 
0 
0 
2 72 258 
0 
1 857 
0 
0 
2 207 594 
1 210 
0 
1 320 
0 
1 709 
0 
1 118 
0 
0 
0 
0 
0 
1 993 
3 120 417 958 
0 
0 
1 961 
3 159 177 993 
2 776 895 
2 366 966 
1 693 
0 
0 
1 788 
3 464 465 804 
0 
2 306 735 
0 
1 266 
1 177 
2 530 646 
2 159 514 
0 
3 154 339 932 
4 6 203 244 404 
1 4 
1 823 
0 
2 17 241 
1 705 
2 493 553 
1 773 
1 670 
0 
1 864 
0 
2 16 135 
1 702 
0 
3 115 261 350 
1 152 
1 196 
0 
0 
0 
1 331 
0 
1 453 
0 
0 
0 
2 248 703 
0 
0 
0 
1 92 
0 
1 738 
0 
0 
1 134 
3 259 492 736 
0 
0 
1 108 
1 351 
3 74 743 869 
4 312 850 903 933 
1 789 
1 12 
0 
1 303 
2 215 526 
2 534 650 
0 
1 825 
3 202 227 439 
1 387 
0 
1 370 
0 
2 255 760 
2 175 584 
1 59 
1 681 
0 
3 171 637 917 
1 739 
2 703 716 
3 38 265 513 
1 43 
1 480 
1 990 
2 239 890 
1 397 
1 95 
0 
0 
0 
0 
0 
0 
0 
1 848 
0 
3 37 266 732 
2 484 596 
1 237 
1 33 
0 
0 
0 
1 928 
0 
2 383 778 
3 69 510 844 
0 
1 648 
1 211 
0 
1 494 
1 276 
2 802 963 
0 
0 
1 960 
1 985 
0 
0 
3 574 874 923 
0 
1 109 
4 302 351 427 871 
0 
0 
1 360 
2 17 896 
0 
3 85 109 601 
4 209 615 652 915 
0 
2 427 593 
2 396 805 
1 209 
2 261 389 
2 558 801 
2 308 811 
2 145 205 
1 372 
1 783 
1 263 
0 
3 418 503 652 
0 
0 
0 
0 
1 190 
1 316 
1 164 
1 78 
1 839 
0 
3 19 439 948 
1 767 
1 7 
0 
1 949 
1 669 
0 
1 355 
1 580 
2 625 903 
3 40 339 932 
1 621 
1 651 
1 277 
0 
2 74 351 
2 122 630 
3 16 23 759 
0 
0 
1 543 
1 67 
2 540 891 
0 
1 968 
0 
2 213 502 
0 
0 
0 
0 
0 
1 744 
2 545 645 
0 
0 
3 330 375 431 
1 474 
2 381 811 
0 
2 188 728 
0 
0 
0 
1 870 
1 824 
3 251 431 595 
2 164 849 
0 
2 572 865 
0 
1 678 
1 911 
0 
0 
1 500 
3 121 713 922 
0 
1 819 
2 165 792 
0 
2 409 577 
2 632 910 
1 932 
2 400 943 
3 133 786 864 
0 
0 
0 
1 895 
0 
0 
1 282 
1 204 
1 709 
1 686 
0 
3 144 444 578 
3 94 706 983 
1 118 
4 134 321 360 455 
2 72 439 
1 321 
0 
4 142 217 710 765 
0 
1 377 
1 49 
1 58 
0 
2 128 824 
0 
1 785 
0 
0 
0 
1 590 
3 230 772 817 
1 639 
2 69 299 
0 
1 302 
1 24 
1 833 
2 77 326 
1 155 
2 303 830 
0 
0 
0 
2 396 973 
1 176 
1 725 
0 
0 
0 
1 206 
1 679 
0 
0 
0 
2 223 667 
1 774 
1 631 
1 993 
0 
0 
1 91 
1 301 
2 123 944 
3 194 431 550 
1 386 
1 952 
1 933 
1 440 
2 120 898 
1 95 
2 598 792 
2 271 776 
1 341 
1 60 
0 
1 630 
2 3 771 
2 467 696 
1 924 
0 
1 693 
1 412 
1 44 
0 
0 
2 55 379 
3 172 256 375 
0 
0 
2 116 994 
1 289 
1 101 
2 303 995 
0 
0 
1 406 
1 657 
1 749 
2 19 99 
0 
0 
2 572 796 
1 700 
1 528 
2 228 862 
0 
0 
1 403 
1 270 
2 631 736 
1 285 
0 
0 
1 306 
2 287 423 
0 
3 32 451 789 
2 12 779 
0 
2 333 436 
0 
1 703 
2 276 328 
1 650 
0 
0 
0 
1 398 
1 783 
1 693 
2 490 872 
1 434 
0 
0 
2 197 676 
0 
0 
0 
4 13 587 737 790 
2 631 860 
0 
0 
0 
0 
1 949 
0 
0 
1 112 
0 
1 791 
2 87 856 
0 
0 
1 520 
3 405 421 727 
2 731 938 
1 302 
0 
1 859 
2 157 443 
0 
0 
0 
0 
2 346 567 
0 
1 689 
2 250 570 
1 118 
1 686 
1 272 
1 457 
2 21 573 
2 258 292 
1 751 
0 
1 522 
1 85 
0 
2 448 837 
2 279 536 
0 
0 
1 276 
1 175 
2 425 544 
0 
1 485 
0 
1 805 
2 254 423 
1 690 
1 230 
1 453 
0 
1 428 
2 511 656 
1 13 
0 
5 370 544 566 571 851 
1 883 
1 886 
0 
1 446 
0 
0 
1 288 
