100
1 94 
3 29 48 90 
2 50 66 
0 
0 
1 38 
1 27 
3 62 63 75 
1 60 
0 
0 
1 64 
1 92 
0 
0 
1 74 
1 38 
0 
1 51 
1 67 
0 
1 35 
1 93 
1 74 
1 75 
3 43 55 66 
1 7 
1 66 
2 2 55 
1 100 
0 
0 
1 49 
0 
1 22 
0 
1 91 
4 6 17 51 76 
0 
2 77 86 
1 52 
2 68 100 
1 26 
1 67 
1 98 
0 
0 
1 2 
1 33 
1 3 
2 19 38 
1 41 
0 
1 65 
3 26 29 57 
0 
1 55 
0 
1 89 
1 9 
0 
1 8 
1 8 
1 12 
2 54 94 
4 3 26 28 99 
3 20 44 77 
1 42 
0 
0 
0 
0 
0 
2 16 24 
3 8 25 92 
1 38 
2 40 67 
0 
0 
0 
0 
0 
0 
0 
0 
1 40 
0 
0 
1 59 
2 2 96 
1 37 
3 13 75 94 
1 23 
3 1 65 92 
0 
2 90 100 
0 
1 45 
1 66 
3 30 42 96 
