100
7 8 16 53 59 93 97 99 
4 37 82 85 87 
7 9 33 49 62 69 70 79 
6 35 47 67 68 94 95 
10 6 10 11 12 49 66 67 68 78 89 
5 5 22 35 45 58 
6 29 34 39 44 63 89 
6 1 19 25 32 46 81 
4 3 51 84 85 
7 5 43 49 73 79 89 90 
8 5 17 26 58 59 68 72 75 
8 5 20 22 52 57 66 74 93 
4 20 24 66 82 
6 20 34 41 69 72 89 
4 28 46 73 93 
9 1 22 30 50 53 54 64 65 73 
3 11 32 64 
1 83 
6 8 23 67 85 92 95 
9 12 13 14 36 37 51 75 83 98 
3 69 87 100 
3 6 12 16 
6 19 44 57 63 87 97 
6 13 44 72 74 85 87 
3 8 65 86 
5 11 30 41 85 100 
2 65 96 
3 15 39 69 
4 7 34 43 48 
5 16 26 47 68 76 
6 56 68 80 81 90 100 
3 8 17 64 
6 3 65 69 89 93 96 
5 7 14 29 67 76 
3 4 6 69 
2 20 77 
5 2 20 65 81 92 
3 48 78 88 
4 7 28 61 74 
0 
5 14 26 57 65 79 
3 54 66 79 
3 10 29 94 
7 7 23 24 50 87 93 99 
7 6 51 62 79 87 89 94 
3 8 15 68 
6 4 30 51 68 77 93 
5 29 38 51 59 75 
6 3 5 10 69 98 99 
4 16 44 66 90 
7 9 20 45 47 48 61 88 
3 12 73 93 
3 1 16 66 
3 16 42 80 
0 
2 31 85 
5 12 23 41 58 74 
5 6 11 57 93 99 
5 1 11 48 70 86 
1 89 
5 39 51 71 86 97 
5 3 45 82 92 99 
5 7 23 72 77 99 
4 16 17 32 81 
10 16 25 27 33 37 41 68 80 88 90 
7 5 12 13 42 50 53 68 
5 4 5 19 34 90 
10 4 5 11 30 31 46 47 65 66 82 
10 3 14 21 28 33 35 49 70 79 84 
4 3 59 69 73 
2 61 89 
8 11 14 24 63 89 90 98 100 
7 10 15 16 52 70 89 96 
5 12 24 39 57 77 
4 11 20 48 86 
3 30 34 100 
4 36 47 63 74 
3 5 38 93 
8 3 10 41 42 45 69 93 99 
3 31 54 65 
4 8 31 37 64 
5 2 13 62 68 97 
2 18 20 
3 9 69 94 
6 2 9 19 24 26 56 
4 25 59 61 75 
6 2 21 23 24 44 45 
3 38 51 65 
10 5 7 10 14 33 45 60 71 72 73 
6 10 31 50 65 67 72 
1 96 
3 19 37 62 
11 1 12 15 33 44 47 52 58 78 79 94 
5 4 43 45 84 93 
3 4 19 97 
4 27 33 73 91 
5 1 23 61 82 95 
3 20 49 72 
7 1 44 49 58 62 63 79 
5 21 26 31 72 76 
